time,dataset,classifier,method,run,fold,query,kappa
2025-03-23 22:25:32.222414,balance-scale,SVC,intra_extra_ratio_sampling,0,0,0,0.14581885568681963
2025-03-23 22:25:32.668987,balance-scale,SVC,intra_extra_ratio_sampling,0,0,1,0.19936966246441645
2025-03-23 22:25:33.108851,balance-scale,SVC,intra_extra_ratio_sampling,0,0,2,0.3578547210520908
2025-03-23 22:25:33.548912,balance-scale,SVC,intra_extra_ratio_sampling,0,0,3,0.42403119092627595
2025-03-23 22:25:33.980284,balance-scale,SVC,intra_extra_ratio_sampling,0,0,4,0.40947206802881775
2025-03-23 22:25:34.417247,balance-scale,SVC,intra_extra_ratio_sampling,0,0,5,0.40947206802881775
2025-03-23 22:25:34.863481,balance-scale,SVC,intra_extra_ratio_sampling,0,0,6,0.3654073199527744
2025-03-23 22:25:35.287044,balance-scale,SVC,intra_extra_ratio_sampling,0,0,7,0.3654073199527744
2025-03-23 22:25:35.723509,balance-scale,SVC,intra_extra_ratio_sampling,0,0,8,0.3507260063746901
2025-03-23 22:25:36.159851,balance-scale,SVC,intra_extra_ratio_sampling,0,0,9,0.3507260063746901
2025-03-23 22:25:36.579323,balance-scale,SVC,intra_extra_ratio_sampling,0,0,10,0.3654073199527744
2025-03-23 22:25:37.002003,balance-scale,SVC,intra_extra_ratio_sampling,0,0,11,0.306702855794194
2025-03-23 22:25:37.420048,balance-scale,SVC,intra_extra_ratio_sampling,0,0,12,0.306702855794194
2025-03-23 22:25:37.833888,balance-scale,SVC,intra_extra_ratio_sampling,0,0,13,0.2920353982300885
2025-03-23 22:25:38.248028,balance-scale,SVC,intra_extra_ratio_sampling,0,0,14,0.306702855794194
2025-03-23 22:25:38.661867,balance-scale,SVC,intra_extra_ratio_sampling,0,0,15,0.306702855794194
2025-03-23 22:25:39.074358,balance-scale,SVC,intra_extra_ratio_sampling,0,0,16,0.30686644643699856
2025-03-23 22:25:39.485631,balance-scale,SVC,intra_extra_ratio_sampling,0,0,17,0.306702855794194
2025-03-23 22:25:39.888632,balance-scale,SVC,intra_extra_ratio_sampling,0,0,18,0.3213737755222471
2025-03-23 22:25:40.290181,balance-scale,SVC,intra_extra_ratio_sampling,0,0,19,0.3213737755222471
2025-03-23 22:25:40.693138,balance-scale,SVC,intra_extra_ratio_sampling,0,0,20,0.3213737755222471
2025-03-23 22:25:41.098551,balance-scale,SVC,intra_extra_ratio_sampling,0,0,21,0.39478034955125174
2025-03-23 22:25:41.506603,balance-scale,SVC,intra_extra_ratio_sampling,0,0,22,0.3654073199527744
2025-03-23 22:25:41.917502,balance-scale,SVC,intra_extra_ratio_sampling,0,0,23,0.36555712936732765
2025-03-23 22:25:42.322150,balance-scale,SVC,intra_extra_ratio_sampling,0,0,24,0.36555712936732765
2025-03-23 22:25:42.729769,balance-scale,SVC,intra_extra_ratio_sampling,0,0,25,0.31068872462747854
2025-03-23 22:25:43.127666,balance-scale,SVC,intra_extra_ratio_sampling,0,0,26,0.30686644643699856
2025-03-23 22:25:43.518584,balance-scale,SVC,intra_extra_ratio_sampling,0,0,27,0.30686644643699856
2025-03-23 22:25:43.911422,balance-scale,SVC,intra_extra_ratio_sampling,0,0,28,0.30686644643699856
2025-03-23 22:25:44.301760,balance-scale,SVC,intra_extra_ratio_sampling,0,0,29,0.30686644643699856
2025-03-23 22:25:44.693854,balance-scale,SVC,intra_extra_ratio_sampling,0,0,30,0.30686644643699856
2025-03-23 22:25:45.079229,balance-scale,SVC,intra_extra_ratio_sampling,0,0,31,0.2628847741478947
2025-03-23 22:25:45.469643,balance-scale,SVC,intra_extra_ratio_sampling,0,0,32,0.2628847741478947
2025-03-23 22:25:45.856358,balance-scale,SVC,intra_extra_ratio_sampling,0,0,33,0.2628847741478947
2025-03-23 22:25:46.247383,balance-scale,SVC,intra_extra_ratio_sampling,0,0,34,0.2628847741478947
2025-03-23 22:25:46.638399,balance-scale,SVC,intra_extra_ratio_sampling,0,0,35,0.2628847741478947
2025-03-23 22:25:47.030321,balance-scale,SVC,intra_extra_ratio_sampling,0,0,36,0.30686644643699856
2025-03-23 22:25:47.425497,balance-scale,SVC,intra_extra_ratio_sampling,0,0,37,0.29220243010499003
2025-03-23 22:25:47.820984,balance-scale,SVC,intra_extra_ratio_sampling,0,0,38,0.29220243010499003
2025-03-23 22:25:48.213877,balance-scale,SVC,intra_extra_ratio_sampling,0,0,39,0.30686644643699856
2025-03-23 22:25:48.613574,balance-scale,SVC,intra_extra_ratio_sampling,0,0,40,0.380238460630386
2025-03-23 22:25:49.001312,balance-scale,SVC,intra_extra_ratio_sampling,0,0,41,0.3362048619306113
2025-03-23 22:25:49.006725,balance-scale,SVC,intra_extra_ratio_sampling,0,0,42,0.3362048619306113
2025-03-23 22:25:49.011850,balance-scale,SVC,intra_extra_ratio_sampling,0,0,43,0.3508792635430189
2025-03-23 22:25:49.407747,balance-scale,SVC,intra_extra_ratio_sampling,0,0,44,0.32169399551728206
2025-03-23 22:25:49.806368,balance-scale,SVC,intra_extra_ratio_sampling,0,0,45,0.3217740033026657
2025-03-23 22:25:50.195646,balance-scale,SVC,intra_extra_ratio_sampling,0,0,46,0.3511090136857007
2025-03-23 22:25:50.585704,balance-scale,SVC,intra_extra_ratio_sampling,0,0,47,0.3511090136857007
2025-03-23 22:25:50.972940,balance-scale,SVC,intra_extra_ratio_sampling,0,0,48,0.3511090136857007
2025-03-23 22:25:51.361538,balance-scale,SVC,intra_extra_ratio_sampling,0,0,49,0.3511090136857007
2025-03-23 22:25:51.745714,balance-scale,SVC,intra_extra_ratio_sampling,0,0,50,0.3511090136857007
2025-03-23 22:25:52.134017,balance-scale,SVC,intra_extra_ratio_sampling,0,0,51,0.3511090136857007
2025-03-23 22:25:52.525596,balance-scale,SVC,intra_extra_ratio_sampling,0,0,52,0.3217740033026657
2025-03-23 22:25:52.913465,balance-scale,SVC,intra_extra_ratio_sampling,0,0,53,0.3217740033026657
2025-03-23 22:25:53.296914,balance-scale,SVC,intra_extra_ratio_sampling,0,0,54,0.3217740033026657
2025-03-23 22:25:53.684014,balance-scale,SVC,intra_extra_ratio_sampling,0,0,55,0.3217740033026657
2025-03-23 22:25:54.067573,balance-scale,SVC,intra_extra_ratio_sampling,0,0,56,0.3217740033026657
2025-03-23 22:25:54.449961,balance-scale,SVC,intra_extra_ratio_sampling,0,0,57,0.3217740033026657
2025-03-23 22:25:54.835353,balance-scale,SVC,intra_extra_ratio_sampling,0,0,58,0.3217740033026657
2025-03-23 22:25:55.222994,balance-scale,SVC,intra_extra_ratio_sampling,0,0,59,0.3217740033026657
2025-03-23 22:25:55.600635,balance-scale,SVC,intra_extra_ratio_sampling,0,0,60,0.3364397782234281
2025-03-23 22:25:55.980101,balance-scale,SVC,intra_extra_ratio_sampling,0,0,61,0.3217740033026657
2025-03-23 22:25:56.363799,balance-scale,SVC,intra_extra_ratio_sampling,0,0,62,0.3071116876990211
2025-03-23 22:25:56.741568,balance-scale,SVC,intra_extra_ratio_sampling,0,0,63,0.3071116876990211
2025-03-23 22:25:57.111794,balance-scale,SVC,intra_extra_ratio_sampling,0,0,64,0.3071116876990211
2025-03-23 22:25:57.487540,balance-scale,SVC,intra_extra_ratio_sampling,0,0,65,0.3071116876990211
2025-03-23 22:25:57.863426,balance-scale,SVC,intra_extra_ratio_sampling,0,0,66,0.3217740033026657
2025-03-23 22:25:58.235534,balance-scale,SVC,intra_extra_ratio_sampling,0,0,67,0.3364397782234281
2025-03-23 22:25:58.606627,balance-scale,SVC,intra_extra_ratio_sampling,0,0,68,0.3511090136857007
2025-03-23 22:25:58.984985,balance-scale,SVC,intra_extra_ratio_sampling,0,0,69,0.3511090136857007
2025-03-23 22:25:59.356960,balance-scale,SVC,intra_extra_ratio_sampling,0,0,70,0.3511090136857007
2025-03-23 22:25:59.727808,balance-scale,SVC,intra_extra_ratio_sampling,0,0,71,0.3511090136857007
2025-03-23 22:26:00.094314,balance-scale,SVC,intra_extra_ratio_sampling,0,0,72,0.3364397782234281
2025-03-23 22:26:00.458801,balance-scale,SVC,intra_extra_ratio_sampling,0,0,73,0.3364397782234281
2025-03-23 22:26:00.823181,balance-scale,SVC,intra_extra_ratio_sampling,0,0,74,0.3364397782234281
2025-03-23 22:26:01.182260,balance-scale,SVC,intra_extra_ratio_sampling,0,0,75,0.3217740033026657
2025-03-23 22:26:01.543831,balance-scale,SVC,intra_extra_ratio_sampling,0,0,76,0.3217740033026657
2025-03-23 22:26:01.904348,balance-scale,SVC,intra_extra_ratio_sampling,0,0,77,0.3217740033026657
2025-03-23 22:26:02.265733,balance-scale,SVC,intra_extra_ratio_sampling,0,0,78,0.3217740033026657
2025-03-23 22:26:02.629153,balance-scale,SVC,intra_extra_ratio_sampling,0,0,79,0.27779742954840225
2025-03-23 22:26:02.991688,balance-scale,SVC,intra_extra_ratio_sampling,0,0,80,0.2924528301886793
2025-03-23 22:26:03.343274,balance-scale,SVC,intra_extra_ratio_sampling,0,0,81,0.2924528301886793
2025-03-23 22:26:03.695649,balance-scale,SVC,intra_extra_ratio_sampling,0,0,82,0.2924528301886793
2025-03-23 22:26:04.039194,balance-scale,SVC,intra_extra_ratio_sampling,0,0,83,0.2924528301886793
2025-03-23 22:26:04.380880,balance-scale,SVC,intra_extra_ratio_sampling,0,0,84,0.27779742954840225
2025-03-23 22:26:04.727597,balance-scale,SVC,intra_extra_ratio_sampling,0,0,85,0.2924528301886793
2025-03-23 22:26:05.069239,balance-scale,SVC,intra_extra_ratio_sampling,0,0,86,0.2924528301886793
2025-03-23 22:26:05.412307,balance-scale,SVC,intra_extra_ratio_sampling,0,0,87,0.2924528301886793
2025-03-23 22:26:05.757042,balance-scale,SVC,intra_extra_ratio_sampling,0,0,88,0.2924528301886793
2025-03-23 22:26:06.097858,balance-scale,SVC,intra_extra_ratio_sampling,0,0,89,0.27779742954840225
2025-03-23 22:26:06.435241,balance-scale,SVC,intra_extra_ratio_sampling,0,0,90,0.2924528301886793
2025-03-23 22:26:06.772261,balance-scale,SVC,intra_extra_ratio_sampling,0,0,91,0.2924528301886793
2025-03-23 22:26:07.133650,balance-scale,SVC,intra_extra_ratio_sampling,0,0,92,0.3804578711352372
2025-03-23 22:26:07.475296,balance-scale,SVC,intra_extra_ratio_sampling,0,0,93,0.40982058545797917
2025-03-23 22:26:07.820326,balance-scale,SVC,intra_extra_ratio_sampling,0,0,94,0.40982058545797917
2025-03-23 22:26:08.165999,balance-scale,SVC,intra_extra_ratio_sampling,0,0,95,0.40982058545797917
2025-03-23 22:26:08.508213,balance-scale,SVC,intra_extra_ratio_sampling,0,0,96,0.40982058545797917
2025-03-23 22:26:08.853695,balance-scale,SVC,intra_extra_ratio_sampling,0,0,97,0.40982058545797917
2025-03-23 22:26:09.199758,balance-scale,SVC,intra_extra_ratio_sampling,0,0,98,0.39513749557417677
2025-03-23 22:26:09.551942,balance-scale,SVC,intra_extra_ratio_sampling,0,0,99,0.39513749557417677
2025-03-23 22:26:09.895072,balance-scale,SVC,intra_extra_ratio_sampling,0,0,100,0.39513749557417677
2025-03-23 22:26:09.898062,balance-scale,SVC,intra_extra_ratio_sampling,0,1,0,0.021289698249318145
2025-03-23 22:26:10.331345,balance-scale,SVC,intra_extra_ratio_sampling,0,1,1,0.04280572785052461
2025-03-23 22:26:10.761645,balance-scale,SVC,intra_extra_ratio_sampling,0,1,2,0.07483552631578949
2025-03-23 22:26:11.193708,balance-scale,SVC,intra_extra_ratio_sampling,0,1,3,0.06620599495751234
2025-03-23 22:26:11.624946,balance-scale,SVC,intra_extra_ratio_sampling,0,1,4,0.050365785030950905
2025-03-23 22:26:12.063443,balance-scale,SVC,intra_extra_ratio_sampling,0,1,5,0.04616109279321712
2025-03-23 22:26:12.492308,balance-scale,SVC,intra_extra_ratio_sampling,0,1,6,0.04616109279321712
2025-03-23 22:26:12.919295,balance-scale,SVC,intra_extra_ratio_sampling,0,1,7,0.04616109279321712
2025-03-23 22:26:13.347435,balance-scale,SVC,intra_extra_ratio_sampling,0,1,8,0.04616109279321712
2025-03-23 22:26:13.775388,balance-scale,SVC,intra_extra_ratio_sampling,0,1,9,0.04525491693717776
2025-03-23 22:26:14.206217,balance-scale,SVC,intra_extra_ratio_sampling,0,1,10,0.04525491693717776
2025-03-23 22:26:14.634947,balance-scale,SVC,intra_extra_ratio_sampling,0,1,11,0.04525491693717776
2025-03-23 22:26:14.639540,balance-scale,SVC,intra_extra_ratio_sampling,0,1,12,0.12440805051302284
2025-03-23 22:26:15.067610,balance-scale,SVC,intra_extra_ratio_sampling,0,1,13,0.1374061294905622
2025-03-23 22:26:15.494700,balance-scale,SVC,intra_extra_ratio_sampling,0,1,14,0.1374061294905622
2025-03-23 22:26:15.924824,balance-scale,SVC,intra_extra_ratio_sampling,0,1,15,0.1374061294905622
2025-03-23 22:26:16.356987,balance-scale,SVC,intra_extra_ratio_sampling,0,1,16,0.1374061294905622
2025-03-23 22:26:16.787601,balance-scale,SVC,intra_extra_ratio_sampling,0,1,17,0.1374061294905622
2025-03-23 22:26:17.199061,balance-scale,SVC,intra_extra_ratio_sampling,0,1,18,0.14601815030080556
2025-03-23 22:26:17.611034,balance-scale,SVC,intra_extra_ratio_sampling,0,1,19,0.14601815030080556
2025-03-23 22:26:18.020370,balance-scale,SVC,intra_extra_ratio_sampling,0,1,20,0.14601815030080556
2025-03-23 22:26:18.428750,balance-scale,SVC,intra_extra_ratio_sampling,0,1,21,0.14601815030080556
2025-03-23 22:26:18.837976,balance-scale,SVC,intra_extra_ratio_sampling,0,1,22,0.14601815030080556
2025-03-23 22:26:19.249186,balance-scale,SVC,intra_extra_ratio_sampling,0,1,23,0.24374487284659563
2025-03-23 22:26:19.657855,balance-scale,SVC,intra_extra_ratio_sampling,0,1,24,0.14089347079037806
2025-03-23 22:26:20.064752,balance-scale,SVC,intra_extra_ratio_sampling,0,1,25,0.14619227240289534
2025-03-23 22:26:20.479724,balance-scale,SVC,intra_extra_ratio_sampling,0,1,26,0.15959867604468347
2025-03-23 22:26:20.890732,balance-scale,SVC,intra_extra_ratio_sampling,0,1,27,0.1684856044070263
2025-03-23 22:26:21.299294,balance-scale,SVC,intra_extra_ratio_sampling,0,1,28,0.1773738639924789
2025-03-23 22:26:21.714685,balance-scale,SVC,intra_extra_ratio_sampling,0,1,29,0.1773738639924789
2025-03-23 22:26:22.121878,balance-scale,SVC,intra_extra_ratio_sampling,0,1,30,0.1773738639924789
2025-03-23 22:26:22.528591,balance-scale,SVC,intra_extra_ratio_sampling,0,1,31,0.1773738639924789
2025-03-23 22:26:22.933492,balance-scale,SVC,intra_extra_ratio_sampling,0,1,32,0.1773738639924789
2025-03-23 22:26:23.335552,balance-scale,SVC,intra_extra_ratio_sampling,0,1,33,0.1773738639924789
2025-03-23 22:26:23.744029,balance-scale,SVC,intra_extra_ratio_sampling,0,1,34,0.1773738639924789
2025-03-23 22:26:24.155450,balance-scale,SVC,intra_extra_ratio_sampling,0,1,35,0.1773738639924789
2025-03-23 22:26:24.559150,balance-scale,SVC,intra_extra_ratio_sampling,0,1,36,0.1773738639924789
2025-03-23 22:26:24.966247,balance-scale,SVC,intra_extra_ratio_sampling,0,1,37,0.1773738639924789
2025-03-23 22:26:25.375461,balance-scale,SVC,intra_extra_ratio_sampling,0,1,38,0.1773738639924789
2025-03-23 22:26:25.779358,balance-scale,SVC,intra_extra_ratio_sampling,0,1,39,0.1773738639924789
2025-03-23 22:26:26.183000,balance-scale,SVC,intra_extra_ratio_sampling,0,1,40,0.1773738639924789
2025-03-23 22:26:26.585768,balance-scale,SVC,intra_extra_ratio_sampling,0,1,41,0.1773738639924789
2025-03-23 22:26:26.986493,balance-scale,SVC,intra_extra_ratio_sampling,0,1,42,0.35607653490328006
2025-03-23 22:26:27.391304,balance-scale,SVC,intra_extra_ratio_sampling,0,1,43,0.2729591836734694
2025-03-23 22:26:27.791238,balance-scale,SVC,intra_extra_ratio_sampling,0,1,44,0.2777602689358126
2025-03-23 22:26:28.196329,balance-scale,SVC,intra_extra_ratio_sampling,0,1,45,0.38229418567973916
2025-03-23 22:26:28.599998,balance-scale,SVC,intra_extra_ratio_sampling,0,1,46,0.39230606637074616
2025-03-23 22:26:28.999413,balance-scale,SVC,intra_extra_ratio_sampling,0,1,47,0.4098712446351932
2025-03-23 22:26:29.399988,balance-scale,SVC,intra_extra_ratio_sampling,0,1,48,0.4098712446351932
2025-03-23 22:26:29.793780,balance-scale,SVC,intra_extra_ratio_sampling,0,1,49,0.39652397811393636
2025-03-23 22:26:30.198461,balance-scale,SVC,intra_extra_ratio_sampling,0,1,50,0.42328326180257514
2025-03-23 22:26:30.605893,balance-scale,SVC,intra_extra_ratio_sampling,0,1,51,0.42328326180257514
2025-03-23 22:26:31.008498,balance-scale,SVC,intra_extra_ratio_sampling,0,1,52,0.433840181171142
2025-03-23 22:26:31.398462,balance-scale,SVC,intra_extra_ratio_sampling,0,1,53,0.433840181171142
2025-03-23 22:26:31.785358,balance-scale,SVC,intra_extra_ratio_sampling,0,1,54,0.433840181171142
2025-03-23 22:26:32.173244,balance-scale,SVC,intra_extra_ratio_sampling,0,1,55,0.44450466074138295
2025-03-23 22:26:32.555562,balance-scale,SVC,intra_extra_ratio_sampling,0,1,56,0.44450466074138295
2025-03-23 22:26:32.938709,balance-scale,SVC,intra_extra_ratio_sampling,0,1,57,0.44450466074138295
2025-03-23 22:26:33.320109,balance-scale,SVC,intra_extra_ratio_sampling,0,1,58,0.44450466074138295
2025-03-23 22:26:33.699108,balance-scale,SVC,intra_extra_ratio_sampling,0,1,59,0.44450466074138295
2025-03-23 22:26:34.075365,balance-scale,SVC,intra_extra_ratio_sampling,0,1,60,0.44450466074138295
2025-03-23 22:26:34.455966,balance-scale,SVC,intra_extra_ratio_sampling,0,1,61,0.44450466074138295
2025-03-23 22:26:34.832441,balance-scale,SVC,intra_extra_ratio_sampling,0,1,62,0.4796801402125097
2025-03-23 22:26:35.207436,balance-scale,SVC,intra_extra_ratio_sampling,0,1,63,0.45280802904121287
2025-03-23 22:26:35.584039,balance-scale,SVC,intra_extra_ratio_sampling,0,1,64,0.46609717031500264
2025-03-23 22:26:35.963123,balance-scale,SVC,intra_extra_ratio_sampling,0,1,65,0.47938914993592485
2025-03-23 22:26:36.335407,balance-scale,SVC,intra_extra_ratio_sampling,0,1,66,0.47681905988409523
2025-03-23 22:26:36.703046,balance-scale,SVC,intra_extra_ratio_sampling,0,1,67,0.4770450291753825
2025-03-23 22:26:37.073322,balance-scale,SVC,intra_extra_ratio_sampling,0,1,68,0.518118735543562
2025-03-23 22:26:37.433567,balance-scale,SVC,intra_extra_ratio_sampling,0,1,69,0.5294508414526129
2025-03-23 22:26:37.797811,balance-scale,SVC,intra_extra_ratio_sampling,0,1,70,0.5156111603188662
2025-03-23 22:26:38.160383,balance-scale,SVC,intra_extra_ratio_sampling,0,1,71,0.5156111603188662
2025-03-23 22:26:38.520915,balance-scale,SVC,intra_extra_ratio_sampling,0,1,72,0.5156111603188662
2025-03-23 22:26:38.883588,balance-scale,SVC,intra_extra_ratio_sampling,0,1,73,0.5069573792045579
2025-03-23 22:26:39.240105,balance-scale,SVC,intra_extra_ratio_sampling,0,1,74,0.4933172655565293
2025-03-23 22:26:39.595685,balance-scale,SVC,intra_extra_ratio_sampling,0,1,75,0.4933172655565293
2025-03-23 22:26:39.949383,balance-scale,SVC,intra_extra_ratio_sampling,0,1,76,0.4933172655565293
2025-03-23 22:26:40.310049,balance-scale,SVC,intra_extra_ratio_sampling,0,1,77,0.4933172655565293
2025-03-23 22:26:40.662533,balance-scale,SVC,intra_extra_ratio_sampling,0,1,78,0.4933172655565293
2025-03-23 22:26:41.010327,balance-scale,SVC,intra_extra_ratio_sampling,0,1,79,0.4933172655565293
2025-03-23 22:26:41.363744,balance-scale,SVC,intra_extra_ratio_sampling,0,1,80,0.4933172655565293
2025-03-23 22:26:41.710510,balance-scale,SVC,intra_extra_ratio_sampling,0,1,81,0.4933172655565293
2025-03-23 22:26:42.058754,balance-scale,SVC,intra_extra_ratio_sampling,0,1,82,0.4933172655565293
2025-03-23 22:26:42.415649,balance-scale,SVC,intra_extra_ratio_sampling,0,1,83,0.5156111603188662
2025-03-23 22:26:42.763902,balance-scale,SVC,intra_extra_ratio_sampling,0,1,84,0.554664885326208
2025-03-23 22:26:43.108577,balance-scale,SVC,intra_extra_ratio_sampling,0,1,85,0.554664885326208
2025-03-23 22:26:43.455617,balance-scale,SVC,intra_extra_ratio_sampling,0,1,86,0.554664885326208
2025-03-23 22:26:43.805364,balance-scale,SVC,intra_extra_ratio_sampling,0,1,87,0.5547144606478904
2025-03-23 22:26:44.151508,balance-scale,SVC,intra_extra_ratio_sampling,0,1,88,0.5941558441558441
2025-03-23 22:26:44.492607,balance-scale,SVC,intra_extra_ratio_sampling,0,1,89,0.5593085408847948
2025-03-23 22:26:44.836138,balance-scale,SVC,intra_extra_ratio_sampling,0,1,90,0.5593085408847948
2025-03-23 22:26:45.175509,balance-scale,SVC,intra_extra_ratio_sampling,0,1,91,0.5876933575978163
2025-03-23 22:26:45.512837,balance-scale,SVC,intra_extra_ratio_sampling,0,1,92,0.6018655443066774
2025-03-23 22:26:45.850102,balance-scale,SVC,intra_extra_ratio_sampling,0,1,93,0.6018202502844141
2025-03-23 22:26:46.188112,balance-scale,SVC,intra_extra_ratio_sampling,0,1,94,0.5876933575978163
2025-03-23 22:26:46.522012,balance-scale,SVC,intra_extra_ratio_sampling,0,1,95,0.630219592672659
2025-03-23 22:26:46.864054,balance-scale,SVC,intra_extra_ratio_sampling,0,1,96,0.644401456531634
2025-03-23 22:26:47.203978,balance-scale,SVC,intra_extra_ratio_sampling,0,1,97,0.6443609878229202
2025-03-23 22:26:47.543379,balance-scale,SVC,intra_extra_ratio_sampling,0,1,98,0.644401456531634
2025-03-23 22:26:47.883091,balance-scale,SVC,intra_extra_ratio_sampling,0,1,99,0.644401456531634
2025-03-23 22:26:48.223372,balance-scale,SVC,intra_extra_ratio_sampling,0,1,100,0.6481648277414996
2025-03-23 22:26:48.226509,balance-scale,SVC,intra_extra_ratio_sampling,0,2,0,0.04272092499436886
2025-03-23 22:26:48.660138,balance-scale,SVC,intra_extra_ratio_sampling,0,2,1,0.0
2025-03-23 22:26:49.092882,balance-scale,SVC,intra_extra_ratio_sampling,0,2,2,0.05809660161253871
2025-03-23 22:26:49.521714,balance-scale,SVC,intra_extra_ratio_sampling,0,2,3,-0.007721130918587393
2025-03-23 22:26:49.942357,balance-scale,SVC,intra_extra_ratio_sampling,0,2,4,-0.0034234446936607377
2025-03-23 22:26:50.364987,balance-scale,SVC,intra_extra_ratio_sampling,0,2,5,0.0
2025-03-23 22:26:50.369585,balance-scale,SVC,intra_extra_ratio_sampling,0,2,6,0.1652754590984974
2025-03-23 22:26:50.812708,balance-scale,SVC,intra_extra_ratio_sampling,0,2,7,0.18027900321926793
2025-03-23 22:26:51.254083,balance-scale,SVC,intra_extra_ratio_sampling,0,2,8,0.1652754590984974
2025-03-23 22:26:51.689008,balance-scale,SVC,intra_extra_ratio_sampling,0,2,9,0.18027900321926793
2025-03-23 22:26:52.137024,balance-scale,SVC,intra_extra_ratio_sampling,0,2,10,0.18027900321926793
2025-03-23 22:26:52.571578,balance-scale,SVC,intra_extra_ratio_sampling,0,2,11,0.18027900321926793
2025-03-23 22:26:53.000326,balance-scale,SVC,intra_extra_ratio_sampling,0,2,12,0.18027900321926793
2025-03-23 22:26:53.431540,balance-scale,SVC,intra_extra_ratio_sampling,0,2,13,0.18027900321926793
2025-03-23 22:26:53.859591,balance-scale,SVC,intra_extra_ratio_sampling,0,2,14,0.18027900321926793
2025-03-23 22:26:54.285869,balance-scale,SVC,intra_extra_ratio_sampling,0,2,15,0.18027900321926793
2025-03-23 22:26:54.730180,balance-scale,SVC,intra_extra_ratio_sampling,0,2,16,0.18027900321926793
2025-03-23 22:26:55.162998,balance-scale,SVC,intra_extra_ratio_sampling,0,2,17,0.18027900321926793
2025-03-23 22:26:55.599506,balance-scale,SVC,intra_extra_ratio_sampling,0,2,18,0.18027900321926793
2025-03-23 22:26:56.034458,balance-scale,SVC,intra_extra_ratio_sampling,0,2,19,0.15026833631484793
2025-03-23 22:26:56.472910,balance-scale,SVC,intra_extra_ratio_sampling,0,2,20,0.15026833631484793
2025-03-23 22:26:56.906061,balance-scale,SVC,intra_extra_ratio_sampling,0,2,21,0.2704859456884231
2025-03-23 22:26:57.333570,balance-scale,SVC,intra_extra_ratio_sampling,0,2,22,0.2252681764004767
2025-03-23 22:26:57.747362,balance-scale,SVC,intra_extra_ratio_sampling,0,2,23,0.2252681764004767
2025-03-23 22:26:58.151236,balance-scale,SVC,intra_extra_ratio_sampling,0,2,24,0.12024334963616834
2025-03-23 22:26:58.555259,balance-scale,SVC,intra_extra_ratio_sampling,0,2,25,0.12024334963616834
2025-03-23 22:26:58.972025,balance-scale,SVC,intra_extra_ratio_sampling,0,2,26,0.12024334963616834
2025-03-23 22:26:59.378013,balance-scale,SVC,intra_extra_ratio_sampling,0,2,27,0.12024334963616834
2025-03-23 22:26:59.785719,balance-scale,SVC,intra_extra_ratio_sampling,0,2,28,0.12024334963616834
2025-03-23 22:27:00.181037,balance-scale,SVC,intra_extra_ratio_sampling,0,2,29,0.1352576335877863
2025-03-23 22:27:00.572772,balance-scale,SVC,intra_extra_ratio_sampling,0,2,30,0.1352576335877863
2025-03-23 22:27:00.970265,balance-scale,SVC,intra_extra_ratio_sampling,0,2,31,0.1352576335877863
2025-03-23 22:27:01.362291,balance-scale,SVC,intra_extra_ratio_sampling,0,2,32,0.1352576335877863
2025-03-23 22:27:01.756441,balance-scale,SVC,intra_extra_ratio_sampling,0,2,33,0.1352576335877863
2025-03-23 22:27:02.143291,balance-scale,SVC,intra_extra_ratio_sampling,0,2,34,0.1352576335877863
2025-03-23 22:27:02.535454,balance-scale,SVC,intra_extra_ratio_sampling,0,2,35,0.1352576335877863
2025-03-23 22:27:02.926904,balance-scale,SVC,intra_extra_ratio_sampling,0,2,36,0.1352576335877863
2025-03-23 22:27:03.315788,balance-scale,SVC,intra_extra_ratio_sampling,0,2,37,0.1352576335877863
2025-03-23 22:27:03.698766,balance-scale,SVC,intra_extra_ratio_sampling,0,2,38,0.12024334963616834
2025-03-23 22:27:04.086559,balance-scale,SVC,intra_extra_ratio_sampling,0,2,39,0.12024334963616834
2025-03-23 22:27:04.472422,balance-scale,SVC,intra_extra_ratio_sampling,0,2,40,0.12024334963616834
2025-03-23 22:27:04.855780,balance-scale,SVC,intra_extra_ratio_sampling,0,2,41,0.12024334963616834
2025-03-23 22:27:05.232003,balance-scale,SVC,intra_extra_ratio_sampling,0,2,42,0.25524308865586265
2025-03-23 22:27:05.619006,balance-scale,SVC,intra_extra_ratio_sampling,0,2,43,0.3301178992497321
2025-03-23 22:27:05.993266,balance-scale,SVC,intra_extra_ratio_sampling,0,2,44,0.3301178992497321
2025-03-23 22:27:06.371023,balance-scale,SVC,intra_extra_ratio_sampling,0,2,45,0.30017867778439544
2025-03-23 22:27:06.739926,balance-scale,SVC,intra_extra_ratio_sampling,0,2,46,0.30017867778439544
2025-03-23 22:27:07.119047,balance-scale,SVC,intra_extra_ratio_sampling,0,2,47,0.3301976661109788
2025-03-23 22:27:07.497547,balance-scale,SVC,intra_extra_ratio_sampling,0,2,48,0.31539468984402896
2025-03-23 22:27:07.873363,balance-scale,SVC,intra_extra_ratio_sampling,0,2,49,0.3301976661109788
2025-03-23 22:27:08.252002,balance-scale,SVC,intra_extra_ratio_sampling,0,2,50,0.3301976661109788
2025-03-23 22:27:08.633965,balance-scale,SVC,intra_extra_ratio_sampling,0,2,51,0.3301976661109788
2025-03-23 22:27:09.013914,balance-scale,SVC,intra_extra_ratio_sampling,0,2,52,0.3301976661109788
2025-03-23 22:27:09.390330,balance-scale,SVC,intra_extra_ratio_sampling,0,2,53,0.30017867778439544
2025-03-23 22:27:09.773242,balance-scale,SVC,intra_extra_ratio_sampling,0,2,54,0.30017867778439544
2025-03-23 22:27:10.156098,balance-scale,SVC,intra_extra_ratio_sampling,0,2,55,0.30017867778439544
2025-03-23 22:27:10.535854,balance-scale,SVC,intra_extra_ratio_sampling,0,2,56,0.30017867778439544
2025-03-23 22:27:10.914157,balance-scale,SVC,intra_extra_ratio_sampling,0,2,57,0.30017867778439544
2025-03-23 22:27:11.290900,balance-scale,SVC,intra_extra_ratio_sampling,0,2,58,0.30017867778439544
2025-03-23 22:27:11.667000,balance-scale,SVC,intra_extra_ratio_sampling,0,2,59,0.30017867778439544
2025-03-23 22:27:12.041096,balance-scale,SVC,intra_extra_ratio_sampling,0,2,60,0.30017867778439544
2025-03-23 22:27:12.414279,balance-scale,SVC,intra_extra_ratio_sampling,0,2,61,0.30017867778439544
2025-03-23 22:27:12.785798,balance-scale,SVC,intra_extra_ratio_sampling,0,2,62,0.30017867778439544
2025-03-23 22:27:13.167529,balance-scale,SVC,intra_extra_ratio_sampling,0,2,63,0.30017867778439544
2025-03-23 22:27:13.538613,balance-scale,SVC,intra_extra_ratio_sampling,0,2,64,0.30017867778439544
2025-03-23 22:27:13.910807,balance-scale,SVC,intra_extra_ratio_sampling,0,2,65,0.3151500714626013
2025-03-23 22:27:14.279319,balance-scale,SVC,intra_extra_ratio_sampling,0,2,66,0.3151500714626013
2025-03-23 22:27:14.653868,balance-scale,SVC,intra_extra_ratio_sampling,0,2,67,0.3151500714626013
2025-03-23 22:27:15.024045,balance-scale,SVC,intra_extra_ratio_sampling,0,2,68,0.3151500714626013
2025-03-23 22:27:15.389392,balance-scale,SVC,intra_extra_ratio_sampling,0,2,69,0.3151500714626013
2025-03-23 22:27:15.763244,balance-scale,SVC,intra_extra_ratio_sampling,0,2,70,0.3151500714626013
2025-03-23 22:27:16.135190,balance-scale,SVC,intra_extra_ratio_sampling,0,2,71,0.3602713639609617
2025-03-23 22:27:16.501712,balance-scale,SVC,intra_extra_ratio_sampling,0,2,72,0.34531603380549936
2025-03-23 22:27:16.864154,balance-scale,SVC,intra_extra_ratio_sampling,0,2,73,0.34531603380549936
2025-03-23 22:27:17.231414,balance-scale,SVC,intra_extra_ratio_sampling,0,2,74,0.28537398761314914
2025-03-23 22:27:17.591470,balance-scale,SVC,intra_extra_ratio_sampling,0,2,75,0.30017867778439544
2025-03-23 22:27:17.952595,balance-scale,SVC,intra_extra_ratio_sampling,0,2,76,0.30017867778439544
2025-03-23 22:27:18.312198,balance-scale,SVC,intra_extra_ratio_sampling,0,2,77,0.30017867778439544
2025-03-23 22:27:18.676365,balance-scale,SVC,intra_extra_ratio_sampling,0,2,78,0.30017867778439544
2025-03-23 22:27:19.034402,balance-scale,SVC,intra_extra_ratio_sampling,0,2,79,0.30017867778439544
2025-03-23 22:27:19.390669,balance-scale,SVC,intra_extra_ratio_sampling,0,2,80,0.30017867778439544
2025-03-23 22:27:19.754501,balance-scale,SVC,intra_extra_ratio_sampling,0,2,81,0.30017867778439544
2025-03-23 22:27:20.109911,balance-scale,SVC,intra_extra_ratio_sampling,0,2,82,0.30017867778439544
2025-03-23 22:27:20.475832,balance-scale,SVC,intra_extra_ratio_sampling,0,2,83,0.30017867778439544
2025-03-23 22:27:20.828305,balance-scale,SVC,intra_extra_ratio_sampling,0,2,84,0.3151500714626013
2025-03-23 22:27:21.179113,balance-scale,SVC,intra_extra_ratio_sampling,0,2,85,0.3151500714626013
2025-03-23 22:27:21.536707,balance-scale,SVC,intra_extra_ratio_sampling,0,2,86,0.3151500714626013
2025-03-23 22:27:21.887480,balance-scale,SVC,intra_extra_ratio_sampling,0,2,87,0.3151500714626013
2025-03-23 22:27:22.236791,balance-scale,SVC,intra_extra_ratio_sampling,0,2,88,0.3151500714626013
2025-03-23 22:27:22.594841,balance-scale,SVC,intra_extra_ratio_sampling,0,2,89,0.3451601381116799
2025-03-23 22:27:22.940394,balance-scale,SVC,intra_extra_ratio_sampling,0,2,90,0.3303571428571429
2025-03-23 22:27:23.289590,balance-scale,SVC,intra_extra_ratio_sampling,0,2,91,0.3303571428571429
2025-03-23 22:27:23.631247,balance-scale,SVC,intra_extra_ratio_sampling,0,2,92,0.31555767170574933
2025-03-23 22:27:23.971630,balance-scale,SVC,intra_extra_ratio_sampling,0,2,93,0.31572057598476744
2025-03-23 22:27:24.307827,balance-scale,SVC,intra_extra_ratio_sampling,0,2,94,0.3306758686339838
2025-03-23 22:27:24.643586,balance-scale,SVC,intra_extra_ratio_sampling,0,2,95,0.3456276026174897
2025-03-23 22:27:24.980511,balance-scale,SVC,intra_extra_ratio_sampling,0,2,96,0.36087990487514865
2025-03-23 22:27:25.312594,balance-scale,SVC,intra_extra_ratio_sampling,0,2,97,0.36087990487514865
2025-03-23 22:27:25.648226,balance-scale,SVC,intra_extra_ratio_sampling,0,2,98,0.3456276026174897
2025-03-23 22:27:25.988652,balance-scale,SVC,intra_extra_ratio_sampling,0,2,99,0.3456276026174897
2025-03-23 22:27:26.326413,balance-scale,SVC,intra_extra_ratio_sampling,0,2,100,0.3456276026174897
2025-03-23 22:27:26.329382,balance-scale,SVC,intra_extra_ratio_sampling,0,3,0,0.06015037593984962
2025-03-23 22:27:26.754150,balance-scale,SVC,intra_extra_ratio_sampling,0,3,1,0.0
2025-03-23 22:27:26.758227,balance-scale,SVC,intra_extra_ratio_sampling,0,3,2,0.0
2025-03-23 22:27:26.761763,balance-scale,SVC,intra_extra_ratio_sampling,0,3,3,0.15026833631484793
2025-03-23 22:27:27.198528,balance-scale,SVC,intra_extra_ratio_sampling,0,3,4,0.15026833631484793
2025-03-23 22:27:27.639821,balance-scale,SVC,intra_extra_ratio_sampling,0,3,5,0.15026833631484793
2025-03-23 22:27:28.076996,balance-scale,SVC,intra_extra_ratio_sampling,0,3,6,0.15026833631484793
2025-03-23 22:27:28.519140,balance-scale,SVC,intra_extra_ratio_sampling,0,3,7,0.15026833631484793
2025-03-23 22:27:28.956095,balance-scale,SVC,intra_extra_ratio_sampling,0,3,8,0.15026833631484793
2025-03-23 22:27:29.392852,balance-scale,SVC,intra_extra_ratio_sampling,0,3,9,0.15026833631484793
2025-03-23 22:27:29.831427,balance-scale,SVC,intra_extra_ratio_sampling,0,3,10,0.15026833631484793
2025-03-23 22:27:30.265039,balance-scale,SVC,intra_extra_ratio_sampling,0,3,11,0.15026833631484793
2025-03-23 22:27:30.701270,balance-scale,SVC,intra_extra_ratio_sampling,0,3,12,0.1352576335877863
2025-03-23 22:27:31.129912,balance-scale,SVC,intra_extra_ratio_sampling,0,3,13,0.15026833631484793
2025-03-23 22:27:31.561698,balance-scale,SVC,intra_extra_ratio_sampling,0,3,14,0.15026833631484793
2025-03-23 22:27:31.985485,balance-scale,SVC,intra_extra_ratio_sampling,0,3,15,0.15026833631484793
2025-03-23 22:27:32.407400,balance-scale,SVC,intra_extra_ratio_sampling,0,3,16,0.15026833631484793
2025-03-23 22:27:32.828387,balance-scale,SVC,intra_extra_ratio_sampling,0,3,17,0.15026833631484793
2025-03-23 22:27:33.254264,balance-scale,SVC,intra_extra_ratio_sampling,0,3,18,0.15026833631484793
2025-03-23 22:27:33.662660,balance-scale,SVC,intra_extra_ratio_sampling,0,3,19,0.15026833631484793
2025-03-23 22:27:34.082635,balance-scale,SVC,intra_extra_ratio_sampling,0,3,20,0.15026833631484793
2025-03-23 22:27:34.503895,balance-scale,SVC,intra_extra_ratio_sampling,0,3,21,0.1352576335877863
2025-03-23 22:27:34.922937,balance-scale,SVC,intra_extra_ratio_sampling,0,3,22,0.1952789699570815
2025-03-23 22:27:35.338907,balance-scale,SVC,intra_extra_ratio_sampling,0,3,23,0.18027900321926793
2025-03-23 22:27:35.755115,balance-scale,SVC,intra_extra_ratio_sampling,0,3,24,0.18027900321926793
2025-03-23 22:27:36.172821,balance-scale,SVC,intra_extra_ratio_sampling,0,3,25,0.18027900321926793
2025-03-23 22:27:36.581637,balance-scale,SVC,intra_extra_ratio_sampling,0,3,26,0.18027900321926793
2025-03-23 22:27:36.986369,balance-scale,SVC,intra_extra_ratio_sampling,0,3,27,0.1652754590984974
2025-03-23 22:27:37.388255,balance-scale,SVC,intra_extra_ratio_sampling,0,3,28,0.1652754590984974
2025-03-23 22:27:37.794467,balance-scale,SVC,intra_extra_ratio_sampling,0,3,29,0.1652754590984974
2025-03-23 22:27:38.200711,balance-scale,SVC,intra_extra_ratio_sampling,0,3,30,0.1652754590984974
2025-03-23 22:27:38.595683,balance-scale,SVC,intra_extra_ratio_sampling,0,3,31,0.1652754590984974
2025-03-23 22:27:38.994583,balance-scale,SVC,intra_extra_ratio_sampling,0,3,32,0.1652754590984974
2025-03-23 22:27:39.392327,balance-scale,SVC,intra_extra_ratio_sampling,0,3,33,0.1652754590984974
2025-03-23 22:27:39.789648,balance-scale,SVC,intra_extra_ratio_sampling,0,3,34,0.1652754590984974
2025-03-23 22:27:40.184968,balance-scale,SVC,intra_extra_ratio_sampling,0,3,35,0.1652754590984974
2025-03-23 22:27:40.578545,balance-scale,SVC,intra_extra_ratio_sampling,0,3,36,0.1652754590984974
2025-03-23 22:27:40.973262,balance-scale,SVC,intra_extra_ratio_sampling,0,3,37,0.1652754590984974
2025-03-23 22:27:41.373620,balance-scale,SVC,intra_extra_ratio_sampling,0,3,38,0.1652754590984974
2025-03-23 22:27:41.774425,balance-scale,SVC,intra_extra_ratio_sampling,0,3,39,0.1652754590984974
2025-03-23 22:27:42.179367,balance-scale,SVC,intra_extra_ratio_sampling,0,3,40,0.1652754590984974
2025-03-23 22:27:42.573053,balance-scale,SVC,intra_extra_ratio_sampling,0,3,41,0.1652754590984974
2025-03-23 22:27:42.963686,balance-scale,SVC,intra_extra_ratio_sampling,0,3,42,0.2402574186628531
2025-03-23 22:27:43.359699,balance-scale,SVC,intra_extra_ratio_sampling,0,3,43,0.2702251876563804
2025-03-23 22:27:43.753504,balance-scale,SVC,intra_extra_ratio_sampling,0,3,44,0.2702251876563804
2025-03-23 22:27:44.142098,balance-scale,SVC,intra_extra_ratio_sampling,0,3,45,0.25524308865586265
2025-03-23 22:27:44.532991,balance-scale,SVC,intra_extra_ratio_sampling,0,3,46,0.25524308865586265
2025-03-23 22:27:44.927574,balance-scale,SVC,intra_extra_ratio_sampling,0,3,47,0.2852037169406719
2025-03-23 22:27:45.313246,balance-scale,SVC,intra_extra_ratio_sampling,0,3,48,0.36011904761904767
2025-03-23 22:27:45.700927,balance-scale,SVC,intra_extra_ratio_sampling,0,3,49,0.2852037169406719
2025-03-23 22:27:46.093060,balance-scale,SVC,intra_extra_ratio_sampling,0,3,50,0.2852037169406719
2025-03-23 22:27:46.485518,balance-scale,SVC,intra_extra_ratio_sampling,0,3,51,0.2852037169406719
2025-03-23 22:27:46.870951,balance-scale,SVC,intra_extra_ratio_sampling,0,3,52,0.2252681764004767
2025-03-23 22:27:47.259240,balance-scale,SVC,intra_extra_ratio_sampling,0,3,53,0.2252681764004767
2025-03-23 22:27:47.653110,balance-scale,SVC,intra_extra_ratio_sampling,0,3,54,0.2252681764004767
2025-03-23 22:27:48.040134,balance-scale,SVC,intra_extra_ratio_sampling,0,3,55,0.2252681764004767
2025-03-23 22:27:48.436306,balance-scale,SVC,intra_extra_ratio_sampling,0,3,56,0.2252681764004767
2025-03-23 22:27:48.823240,balance-scale,SVC,intra_extra_ratio_sampling,0,3,57,0.2252681764004767
2025-03-23 22:27:49.206271,balance-scale,SVC,intra_extra_ratio_sampling,0,3,58,0.2252681764004767
2025-03-23 22:27:49.585057,balance-scale,SVC,intra_extra_ratio_sampling,0,3,59,0.2252681764004767
2025-03-23 22:27:49.970937,balance-scale,SVC,intra_extra_ratio_sampling,0,3,60,0.2252681764004767
2025-03-23 22:27:50.356271,balance-scale,SVC,intra_extra_ratio_sampling,0,3,61,0.2252681764004767
2025-03-23 22:27:50.740980,balance-scale,SVC,intra_extra_ratio_sampling,0,3,62,0.2252681764004767
2025-03-23 22:27:51.127715,balance-scale,SVC,intra_extra_ratio_sampling,0,3,63,0.21027536059125052
2025-03-23 22:27:51.505645,balance-scale,SVC,intra_extra_ratio_sampling,0,3,64,0.21027536059125052
2025-03-23 22:27:51.879106,balance-scale,SVC,intra_extra_ratio_sampling,0,3,65,0.21027536059125052
2025-03-23 22:27:52.250923,balance-scale,SVC,intra_extra_ratio_sampling,0,3,66,0.2852037169406719
2025-03-23 22:27:52.621211,balance-scale,SVC,intra_extra_ratio_sampling,0,3,67,0.2852037169406719
2025-03-23 22:27:53.001600,balance-scale,SVC,intra_extra_ratio_sampling,0,3,68,0.2702251876563804
2025-03-23 22:27:53.378465,balance-scale,SVC,intra_extra_ratio_sampling,0,3,69,0.2702251876563804
2025-03-23 22:27:53.745492,balance-scale,SVC,intra_extra_ratio_sampling,0,3,70,0.30017867778439544
2025-03-23 22:27:54.118557,balance-scale,SVC,intra_extra_ratio_sampling,0,3,71,0.30017867778439544
2025-03-23 22:27:54.487489,balance-scale,SVC,intra_extra_ratio_sampling,0,3,72,0.30017867778439544
2025-03-23 22:27:54.861011,balance-scale,SVC,intra_extra_ratio_sampling,0,3,73,0.30017867778439544
2025-03-23 22:27:55.231347,balance-scale,SVC,intra_extra_ratio_sampling,0,3,74,0.34508216241962375
2025-03-23 22:27:55.595708,balance-scale,SVC,intra_extra_ratio_sampling,0,3,75,0.2852037169406719
2025-03-23 22:27:55.966073,balance-scale,SVC,intra_extra_ratio_sampling,0,3,76,0.2852037169406719
2025-03-23 22:27:56.335742,balance-scale,SVC,intra_extra_ratio_sampling,0,3,77,0.2852037169406719
2025-03-23 22:27:56.697390,balance-scale,SVC,intra_extra_ratio_sampling,0,3,78,0.2852037169406719
2025-03-23 22:27:57.056493,balance-scale,SVC,intra_extra_ratio_sampling,0,3,79,0.2852037169406719
2025-03-23 22:27:57.421254,balance-scale,SVC,intra_extra_ratio_sampling,0,3,80,0.2852037169406719
2025-03-23 22:27:57.775682,balance-scale,SVC,intra_extra_ratio_sampling,0,3,81,0.2852037169406719
2025-03-23 22:27:58.142921,balance-scale,SVC,intra_extra_ratio_sampling,0,3,82,0.2852037169406719
2025-03-23 22:27:58.493352,balance-scale,SVC,intra_extra_ratio_sampling,0,3,83,0.2852037169406719
2025-03-23 22:27:58.843724,balance-scale,SVC,intra_extra_ratio_sampling,0,3,84,0.2852037169406719
2025-03-23 22:27:59.200532,balance-scale,SVC,intra_extra_ratio_sampling,0,3,85,0.2852037169406719
2025-03-23 22:27:59.548906,balance-scale,SVC,intra_extra_ratio_sampling,0,3,86,0.2852037169406719
2025-03-23 22:27:59.898307,balance-scale,SVC,intra_extra_ratio_sampling,0,3,87,0.2852037169406719
2025-03-23 22:28:00.245159,balance-scale,SVC,intra_extra_ratio_sampling,0,3,88,0.25524308865586265
2025-03-23 22:28:00.589550,balance-scale,SVC,intra_extra_ratio_sampling,0,3,89,0.25524308865586265
2025-03-23 22:28:00.938384,balance-scale,SVC,intra_extra_ratio_sampling,0,3,90,0.2702251876563804
2025-03-23 22:28:01.286522,balance-scale,SVC,intra_extra_ratio_sampling,0,3,91,0.2702251876563804
2025-03-23 22:28:01.630632,balance-scale,SVC,intra_extra_ratio_sampling,0,3,92,0.3151500714626013
2025-03-23 22:28:01.976119,balance-scale,SVC,intra_extra_ratio_sampling,0,3,93,0.3600428622455053
2025-03-23 22:28:02.325293,balance-scale,SVC,intra_extra_ratio_sampling,0,3,94,0.34508216241962375
2025-03-23 22:28:02.671885,balance-scale,SVC,intra_extra_ratio_sampling,0,3,95,0.34508216241962375
2025-03-23 22:28:03.020599,balance-scale,SVC,intra_extra_ratio_sampling,0,3,96,0.34508216241962375
2025-03-23 22:28:03.363696,balance-scale,SVC,intra_extra_ratio_sampling,0,3,97,0.34508216241962375
2025-03-23 22:28:03.707213,balance-scale,SVC,intra_extra_ratio_sampling,0,3,98,0.3301178992497321
2025-03-23 22:28:04.050208,balance-scale,SVC,intra_extra_ratio_sampling,0,3,99,0.3301178992497321
2025-03-23 22:28:04.397846,balance-scale,SVC,intra_extra_ratio_sampling,0,3,100,0.3301178992497321
2025-03-23 22:28:04.400861,balance-scale,SVC,intra_extra_ratio_sampling,0,4,0,0.42795118516780095
2025-03-23 22:28:04.829069,balance-scale,SVC,intra_extra_ratio_sampling,0,4,1,0.3619844834626378
2025-03-23 22:28:05.255243,balance-scale,SVC,intra_extra_ratio_sampling,0,4,2,0.19326449190330908
2025-03-23 22:28:05.677160,balance-scale,SVC,intra_extra_ratio_sampling,0,4,3,0.19871794871794868
2025-03-23 22:28:06.103752,balance-scale,SVC,intra_extra_ratio_sampling,0,4,4,0.20895522388059706
2025-03-23 22:28:06.530491,balance-scale,SVC,intra_extra_ratio_sampling,0,4,5,0.16417910447761197
2025-03-23 22:28:06.953971,balance-scale,SVC,intra_extra_ratio_sampling,0,4,6,0.14925373134328357
2025-03-23 22:28:07.384779,balance-scale,SVC,intra_extra_ratio_sampling,0,4,7,0.14925373134328357
2025-03-23 22:28:07.813317,balance-scale,SVC,intra_extra_ratio_sampling,0,4,8,0.14925373134328357
2025-03-23 22:28:08.242338,balance-scale,SVC,intra_extra_ratio_sampling,0,4,9,0.14925373134328357
2025-03-23 22:28:08.667965,balance-scale,SVC,intra_extra_ratio_sampling,0,4,10,0.13432835820895528
2025-03-23 22:28:09.097262,balance-scale,SVC,intra_extra_ratio_sampling,0,4,11,0.13432835820895528
2025-03-23 22:28:09.522133,balance-scale,SVC,intra_extra_ratio_sampling,0,4,12,0.11940298507462688
2025-03-23 22:28:09.948973,balance-scale,SVC,intra_extra_ratio_sampling,0,4,13,0.10447761194029848
2025-03-23 22:28:10.374745,balance-scale,SVC,intra_extra_ratio_sampling,0,4,14,0.10447761194029848
2025-03-23 22:28:10.796508,balance-scale,SVC,intra_extra_ratio_sampling,0,4,15,0.11940298507462688
2025-03-23 22:28:11.211926,balance-scale,SVC,intra_extra_ratio_sampling,0,4,16,0.11940298507462688
2025-03-23 22:28:11.629360,balance-scale,SVC,intra_extra_ratio_sampling,0,4,17,0.11940298507462688
2025-03-23 22:28:12.057663,balance-scale,SVC,intra_extra_ratio_sampling,0,4,18,0.11940298507462688
2025-03-23 22:28:12.481327,balance-scale,SVC,intra_extra_ratio_sampling,0,4,19,0.11940298507462688
2025-03-23 22:28:12.902750,balance-scale,SVC,intra_extra_ratio_sampling,0,4,20,0.13432835820895528
2025-03-23 22:28:13.333960,balance-scale,SVC,intra_extra_ratio_sampling,0,4,21,0.11940298507462688
2025-03-23 22:28:13.751768,balance-scale,SVC,intra_extra_ratio_sampling,0,4,22,0.11940298507462688
2025-03-23 22:28:14.166587,balance-scale,SVC,intra_extra_ratio_sampling,0,4,23,0.11940298507462688
2025-03-23 22:28:14.592109,balance-scale,SVC,intra_extra_ratio_sampling,0,4,24,0.11940298507462688
2025-03-23 22:28:15.012117,balance-scale,SVC,intra_extra_ratio_sampling,0,4,25,0.13459281858718608
2025-03-23 22:28:15.428356,balance-scale,SVC,intra_extra_ratio_sampling,0,4,26,0.11940298507462688
2025-03-23 22:28:15.851849,balance-scale,SVC,intra_extra_ratio_sampling,0,4,27,0.10447761194029848
2025-03-23 22:28:16.273418,balance-scale,SVC,intra_extra_ratio_sampling,0,4,28,0.10447761194029848
2025-03-23 22:28:16.685735,balance-scale,SVC,intra_extra_ratio_sampling,0,4,29,0.10447761194029848
2025-03-23 22:28:17.103273,balance-scale,SVC,intra_extra_ratio_sampling,0,4,30,0.10447761194029848
2025-03-23 22:28:17.520293,balance-scale,SVC,intra_extra_ratio_sampling,0,4,31,0.10447761194029848
2025-03-23 22:28:17.927297,balance-scale,SVC,intra_extra_ratio_sampling,0,4,32,0.10447761194029848
2025-03-23 22:28:18.334269,balance-scale,SVC,intra_extra_ratio_sampling,0,4,33,0.10447761194029848
2025-03-23 22:28:18.737987,balance-scale,SVC,intra_extra_ratio_sampling,0,4,34,0.10447761194029848
2025-03-23 22:28:19.134112,balance-scale,SVC,intra_extra_ratio_sampling,0,4,35,0.10447761194029848
2025-03-23 22:28:19.530769,balance-scale,SVC,intra_extra_ratio_sampling,0,4,36,0.10447761194029848
2025-03-23 22:28:19.930961,balance-scale,SVC,intra_extra_ratio_sampling,0,4,37,0.07462686567164178
2025-03-23 22:28:20.327924,balance-scale,SVC,intra_extra_ratio_sampling,0,4,38,0.10447761194029848
2025-03-23 22:28:20.719645,balance-scale,SVC,intra_extra_ratio_sampling,0,4,39,0.10447761194029848
2025-03-23 22:28:21.122120,balance-scale,SVC,intra_extra_ratio_sampling,0,4,40,0.10447761194029848
2025-03-23 22:28:21.520749,balance-scale,SVC,intra_extra_ratio_sampling,0,4,41,0.10447761194029848
2025-03-23 22:28:21.909246,balance-scale,SVC,intra_extra_ratio_sampling,0,4,42,0.19402985074626866
2025-03-23 22:28:22.298457,balance-scale,SVC,intra_extra_ratio_sampling,0,4,43,0.417910447761194
2025-03-23 22:28:22.690774,balance-scale,SVC,intra_extra_ratio_sampling,0,4,44,0.3731343283582089
2025-03-23 22:28:23.075427,balance-scale,SVC,intra_extra_ratio_sampling,0,4,45,0.5373134328358209
2025-03-23 22:28:23.463242,balance-scale,SVC,intra_extra_ratio_sampling,0,4,46,0.4776119402985075
2025-03-23 22:28:23.851935,balance-scale,SVC,intra_extra_ratio_sampling,0,4,47,0.4626865671641791
2025-03-23 22:28:24.238246,balance-scale,SVC,intra_extra_ratio_sampling,0,4,48,0.4776119402985075
2025-03-23 22:28:24.625453,balance-scale,SVC,intra_extra_ratio_sampling,0,4,49,0.3880597014925373
2025-03-23 22:28:25.009672,balance-scale,SVC,intra_extra_ratio_sampling,0,4,50,0.3880597014925373
2025-03-23 22:28:25.386321,balance-scale,SVC,intra_extra_ratio_sampling,0,4,51,0.3880597014925373
2025-03-23 22:28:25.762146,balance-scale,SVC,intra_extra_ratio_sampling,0,4,52,0.3880597014925373
2025-03-23 22:28:26.144880,balance-scale,SVC,intra_extra_ratio_sampling,0,4,53,0.35820895522388063
2025-03-23 22:28:26.529545,balance-scale,SVC,intra_extra_ratio_sampling,0,4,54,0.35820895522388063
2025-03-23 22:28:26.914708,balance-scale,SVC,intra_extra_ratio_sampling,0,4,55,0.35820895522388063
2025-03-23 22:28:27.300616,balance-scale,SVC,intra_extra_ratio_sampling,0,4,56,0.35820895522388063
2025-03-23 22:28:27.683858,balance-scale,SVC,intra_extra_ratio_sampling,0,4,57,0.35820895522388063
2025-03-23 22:28:28.063014,balance-scale,SVC,intra_extra_ratio_sampling,0,4,58,0.35820895522388063
2025-03-23 22:28:28.447175,balance-scale,SVC,intra_extra_ratio_sampling,0,4,59,0.35820895522388063
2025-03-23 22:28:28.833685,balance-scale,SVC,intra_extra_ratio_sampling,0,4,60,0.3731343283582089
2025-03-23 22:28:29.218969,balance-scale,SVC,intra_extra_ratio_sampling,0,4,61,0.4925373134328358
2025-03-23 22:28:29.599779,balance-scale,SVC,intra_extra_ratio_sampling,0,4,62,0.5970149253731343
2025-03-23 22:28:29.980627,balance-scale,SVC,intra_extra_ratio_sampling,0,4,63,0.5970149253731343
2025-03-23 22:28:30.360467,balance-scale,SVC,intra_extra_ratio_sampling,0,4,64,0.5970149253731343
2025-03-23 22:28:30.739035,balance-scale,SVC,intra_extra_ratio_sampling,0,4,65,0.5522388059701493
2025-03-23 22:28:31.130627,balance-scale,SVC,intra_extra_ratio_sampling,0,4,66,0.6119402985074627
2025-03-23 22:28:31.511190,balance-scale,SVC,intra_extra_ratio_sampling,0,4,67,0.6716417910447761
2025-03-23 22:28:31.893279,balance-scale,SVC,intra_extra_ratio_sampling,0,4,68,0.6567164179104478
2025-03-23 22:28:32.276988,balance-scale,SVC,intra_extra_ratio_sampling,0,4,69,0.6716417910447761
2025-03-23 22:28:32.652757,balance-scale,SVC,intra_extra_ratio_sampling,0,4,70,0.6716417910447761
2025-03-23 22:28:33.026944,balance-scale,SVC,intra_extra_ratio_sampling,0,4,71,0.7164179104477613
2025-03-23 22:28:33.411187,balance-scale,SVC,intra_extra_ratio_sampling,0,4,72,0.6417910447761195
2025-03-23 22:28:33.786146,balance-scale,SVC,intra_extra_ratio_sampling,0,4,73,0.6417910447761195
2025-03-23 22:28:34.166564,balance-scale,SVC,intra_extra_ratio_sampling,0,4,74,0.5671641791044777
2025-03-23 22:28:34.541714,balance-scale,SVC,intra_extra_ratio_sampling,0,4,75,0.5671641791044777
2025-03-23 22:28:34.913392,balance-scale,SVC,intra_extra_ratio_sampling,0,4,76,0.5671641791044777
2025-03-23 22:28:35.296489,balance-scale,SVC,intra_extra_ratio_sampling,0,4,77,0.5671641791044777
2025-03-23 22:28:35.662861,balance-scale,SVC,intra_extra_ratio_sampling,0,4,78,0.5671641791044777
2025-03-23 22:28:36.025702,balance-scale,SVC,intra_extra_ratio_sampling,0,4,79,0.5671641791044777
2025-03-23 22:28:36.393534,balance-scale,SVC,intra_extra_ratio_sampling,0,4,80,0.5671641791044777
2025-03-23 22:28:36.761373,balance-scale,SVC,intra_extra_ratio_sampling,0,4,81,0.582089552238806
2025-03-23 22:28:37.127450,balance-scale,SVC,intra_extra_ratio_sampling,0,4,82,0.582089552238806
2025-03-23 22:28:37.490527,balance-scale,SVC,intra_extra_ratio_sampling,0,4,83,0.582089552238806
2025-03-23 22:28:37.848980,balance-scale,SVC,intra_extra_ratio_sampling,0,4,84,0.582089552238806
2025-03-23 22:28:38.209806,balance-scale,SVC,intra_extra_ratio_sampling,0,4,85,0.582089552238806
2025-03-23 22:28:38.576606,balance-scale,SVC,intra_extra_ratio_sampling,0,4,86,0.5970149253731343
2025-03-23 22:28:38.932788,balance-scale,SVC,intra_extra_ratio_sampling,0,4,87,0.6119402985074627
2025-03-23 22:28:39.288588,balance-scale,SVC,intra_extra_ratio_sampling,0,4,88,0.6119402985074627
2025-03-23 22:28:39.648653,balance-scale,SVC,intra_extra_ratio_sampling,0,4,89,0.6268656716417911
2025-03-23 22:28:40.006757,balance-scale,SVC,intra_extra_ratio_sampling,0,4,90,0.6268656716417911
2025-03-23 22:28:40.357225,balance-scale,SVC,intra_extra_ratio_sampling,0,4,91,0.6567164179104478
2025-03-23 22:28:40.715143,balance-scale,SVC,intra_extra_ratio_sampling,0,4,92,0.6567164179104478
2025-03-23 22:28:41.068069,balance-scale,SVC,intra_extra_ratio_sampling,0,4,93,0.6567164179104478
2025-03-23 22:28:41.419088,balance-scale,SVC,intra_extra_ratio_sampling,0,4,94,0.6567164179104478
2025-03-23 22:28:41.772459,balance-scale,SVC,intra_extra_ratio_sampling,0,4,95,0.6268656716417911
2025-03-23 22:28:42.128555,balance-scale,SVC,intra_extra_ratio_sampling,0,4,96,0.6268656716417911
2025-03-23 22:28:42.478814,balance-scale,SVC,intra_extra_ratio_sampling,0,4,97,0.6268656716417911
2025-03-23 22:28:42.828894,balance-scale,SVC,intra_extra_ratio_sampling,0,4,98,0.6268656716417911
2025-03-23 22:28:43.184759,balance-scale,SVC,intra_extra_ratio_sampling,0,4,99,0.6865671641791045
2025-03-23 22:28:43.541774,balance-scale,SVC,intra_extra_ratio_sampling,0,4,100,0.6716417910447761
