time,dataset,classifier,method,run,fold,query,kappa
2025-03-25 09:32:16.756272,molecular-splice-junction,SVC,tree_depth_pruned_sampling,0,0,0,0.0
2025-03-25 09:32:19.583507,molecular-splice-junction,SVC,tree_depth_pruned_sampling,0,0,1,0.0
2025-03-25 09:32:22.457604,molecular-splice-junction,SVC,tree_depth_pruned_sampling,0,0,2,0.0
2025-03-25 09:32:25.341632,molecular-splice-junction,SVC,tree_depth_pruned_sampling,0,0,3,0.0
2025-03-25 09:32:28.252870,molecular-splice-junction,SVC,tree_depth_pruned_sampling,0,0,4,0.0
2025-03-25 09:32:31.110758,molecular-splice-junction,SVC,tree_depth_pruned_sampling,0,0,5,0.0
2025-03-25 09:32:34.069003,molecular-splice-junction,SVC,tree_depth_pruned_sampling,0,0,6,0.0
2025-03-25 09:32:39.499617,molecular-splice-junction,SVC,tree_depth_pruned_sampling,0,0,7,0.3666832109923983
2025-03-25 09:33:04.050150,molecular-splice-junction,SVC,tree_depth_pruned_sampling,0,0,8,0.3666832109923983
2025-03-25 09:33:28.458232,molecular-splice-junction,SVC,tree_depth_pruned_sampling,0,0,9,0.3666832109923983
2025-03-25 09:33:53.183041,molecular-splice-junction,SVC,tree_depth_pruned_sampling,0,0,10,0.5751681348682536
2025-03-25 09:34:23.730003,molecular-splice-junction,SVC,tree_depth_pruned_sampling,0,0,11,0.004138681451064441
2025-03-25 09:34:32.481550,molecular-splice-junction,SVC,tree_depth_pruned_sampling,0,0,12,0.004138681451064441
2025-03-25 09:34:39.463806,molecular-splice-junction,SVC,tree_depth_pruned_sampling,0,0,13,0.004138681451064441
2025-03-25 09:34:45.583751,molecular-splice-junction,SVC,tree_depth_pruned_sampling,0,0,14,0.004138681451064441
2025-03-25 09:34:51.708645,molecular-splice-junction,SVC,tree_depth_pruned_sampling,0,0,15,0.004138681451064441
2025-03-25 09:35:00.949452,molecular-splice-junction,SVC,tree_depth_pruned_sampling,0,0,16,0.03592207868833108
2025-03-25 09:35:16.861834,molecular-splice-junction,SVC,tree_depth_pruned_sampling,0,0,17,0.09877259393998983
2025-03-25 09:35:36.339131,molecular-splice-junction,SVC,tree_depth_pruned_sampling,0,0,18,0.4453253404099409
2025-03-25 09:36:03.129763,molecular-splice-junction,SVC,tree_depth_pruned_sampling,0,0,19,0.6301565168345684
2025-03-25 09:36:32.228031,molecular-splice-junction,SVC,tree_depth_pruned_sampling,0,0,20,0.12777058621509518
2025-03-25 09:36:53.594535,molecular-splice-junction,SVC,tree_depth_pruned_sampling,0,0,21,0.06189899936240251
2025-03-25 09:37:10.582354,molecular-splice-junction,SVC,tree_depth_pruned_sampling,0,0,22,0.1477491005177508
2025-03-25 09:37:34.338932,molecular-splice-junction,SVC,tree_depth_pruned_sampling,0,0,23,0.10093104319599855
2025-03-25 09:37:52.488247,molecular-splice-junction,SVC,tree_depth_pruned_sampling,0,0,24,0.17784605909681217
2025-03-25 09:38:16.730689,molecular-splice-junction,SVC,tree_depth_pruned_sampling,0,0,25,0.09876077886408552
2025-03-25 09:38:35.495751,molecular-splice-junction,SVC,tree_depth_pruned_sampling,0,0,26,0.22491492430714077
2025-03-25 09:39:00.856429,molecular-splice-junction,SVC,tree_depth_pruned_sampling,0,0,27,0.14585605697645565
2025-03-25 09:39:22.840082,molecular-splice-junction,SVC,tree_depth_pruned_sampling,0,0,28,0.041235999567832304
2025-03-25 09:39:39.569298,molecular-splice-junction,SVC,tree_depth_pruned_sampling,0,0,29,0.01278116950944952
2025-03-25 09:39:51.083235,molecular-splice-junction,SVC,tree_depth_pruned_sampling,0,0,30,0.0459480412478146
2025-03-25 09:40:04.416176,molecular-splice-junction,SVC,tree_depth_pruned_sampling,0,0,31,0.013919940898574845
2025-03-25 09:40:16.182737,molecular-splice-junction,SVC,tree_depth_pruned_sampling,0,0,32,0.00977901626595823
2025-03-25 09:40:26.991267,molecular-splice-junction,SVC,tree_depth_pruned_sampling,0,0,33,0.04705158113011931
2025-03-25 09:40:40.273566,molecular-splice-junction,SVC,tree_depth_pruned_sampling,0,0,34,0.04705158113011931
2025-03-25 09:40:54.433586,molecular-splice-junction,SVC,tree_depth_pruned_sampling,0,0,35,0.06224890416059692
2025-03-25 09:41:11.431613,molecular-splice-junction,SVC,tree_depth_pruned_sampling,0,0,36,0.08919634191986281
2025-03-25 09:41:32.129118,molecular-splice-junction,SVC,tree_depth_pruned_sampling,0,0,37,0.08392774432607697
2025-03-25 09:41:52.746678,molecular-splice-junction,SVC,tree_depth_pruned_sampling,0,0,38,0.07036851868906824
2025-03-25 09:42:10.866413,molecular-splice-junction,SVC,tree_depth_pruned_sampling,0,0,39,0.04443855810957087
2025-03-25 09:42:26.825926,molecular-splice-junction,SVC,tree_depth_pruned_sampling,0,0,40,0.098761031852174
2025-03-25 09:42:44.156806,molecular-splice-junction,SVC,tree_depth_pruned_sampling,0,0,41,0.1572683609446368
2025-03-25 09:43:03.285107,molecular-splice-junction,SVC,tree_depth_pruned_sampling,0,0,42,0.19544153856391822
2025-03-25 09:43:25.757708,molecular-splice-junction,SVC,tree_depth_pruned_sampling,0,0,43,0.11656965107198403
2025-03-25 09:43:46.243814,molecular-splice-junction,SVC,tree_depth_pruned_sampling,0,0,44,0.061346318472249695
2025-03-25 09:44:01.233321,molecular-splice-junction,SVC,tree_depth_pruned_sampling,0,0,45,0.1018865181200248
2025-03-25 09:44:20.200622,molecular-splice-junction,SVC,tree_depth_pruned_sampling,0,0,46,0.15044920319712407
2025-03-25 09:44:41.551861,molecular-splice-junction,SVC,tree_depth_pruned_sampling,0,0,47,0.11767320717689012
2025-03-25 09:45:01.227333,molecular-splice-junction,SVC,tree_depth_pruned_sampling,0,0,48,0.07429808573282415
2025-03-25 09:45:17.801252,molecular-splice-junction,SVC,tree_depth_pruned_sampling,0,0,49,0.05511016499523147
2025-03-25 09:45:32.946634,molecular-splice-junction,SVC,tree_depth_pruned_sampling,0,0,50,0.09254949697468762
2025-03-25 09:45:50.336217,molecular-splice-junction,SVC,tree_depth_pruned_sampling,0,0,51,0.09254949697468762
2025-03-25 09:46:06.819467,molecular-splice-junction,SVC,tree_depth_pruned_sampling,0,0,52,0.1160591754053043
2025-03-25 09:46:25.530481,molecular-splice-junction,SVC,tree_depth_pruned_sampling,0,0,53,0.15630165668735985
2025-03-25 09:46:48.008985,molecular-splice-junction,SVC,tree_depth_pruned_sampling,0,0,54,0.2032323232323232
2025-03-25 09:47:11.587258,molecular-splice-junction,SVC,tree_depth_pruned_sampling,0,0,55,0.23097624660260296
2025-03-25 09:47:35.164204,molecular-splice-junction,SVC,tree_depth_pruned_sampling,0,0,56,0.25658404337722707
2025-03-25 09:47:59.970012,molecular-splice-junction,SVC,tree_depth_pruned_sampling,0,0,57,0.23295660231352477
2025-03-25 09:48:23.631473,molecular-splice-junction,SVC,tree_depth_pruned_sampling,0,0,58,0.25419270850629994
2025-03-25 09:48:47.399820,molecular-splice-junction,SVC,tree_depth_pruned_sampling,0,0,59,0.22933089758609504
2025-03-25 09:49:10.259357,molecular-splice-junction,SVC,tree_depth_pruned_sampling,0,0,60,0.20651204722155503
2025-03-25 09:49:31.562064,molecular-splice-junction,SVC,tree_depth_pruned_sampling,0,0,61,0.19599501186163504
2025-03-25 09:49:52.385146,molecular-splice-junction,SVC,tree_depth_pruned_sampling,0,0,62,0.23265300667853817
2025-03-25 09:50:16.239589,molecular-splice-junction,SVC,tree_depth_pruned_sampling,0,0,63,0.25614693855734016
2025-03-25 09:50:43.253015,molecular-splice-junction,SVC,tree_depth_pruned_sampling,0,0,64,0.29073245643319756
2025-03-25 09:51:07.813852,molecular-splice-junction,SVC,tree_depth_pruned_sampling,0,0,65,0.292867110455295
2025-03-25 09:51:33.111494,molecular-splice-junction,SVC,tree_depth_pruned_sampling,0,0,66,0.3082222629989825
2025-03-25 09:51:58.143395,molecular-splice-junction,SVC,tree_depth_pruned_sampling,0,0,67,0.3256780861882137
2025-03-25 09:52:23.573788,molecular-splice-junction,SVC,tree_depth_pruned_sampling,0,0,68,0.33887992962908664
2025-03-25 09:52:49.785339,molecular-splice-junction,SVC,tree_depth_pruned_sampling,0,0,69,0.3439403116201988
2025-03-25 09:53:16.069035,molecular-splice-junction,SVC,tree_depth_pruned_sampling,0,0,70,0.35458623397713196
2025-03-25 09:53:42.443716,molecular-splice-junction,SVC,tree_depth_pruned_sampling,0,0,71,0.3485941958614085
2025-03-25 09:54:08.684823,molecular-splice-junction,SVC,tree_depth_pruned_sampling,0,0,72,0.3433686139626301
2025-03-25 09:54:34.341482,molecular-splice-junction,SVC,tree_depth_pruned_sampling,0,0,73,0.3505209335022249
2025-03-25 09:55:00.809105,molecular-splice-junction,SVC,tree_depth_pruned_sampling,0,0,74,0.31891731602444773
2025-03-25 09:55:25.967900,molecular-splice-junction,SVC,tree_depth_pruned_sampling,0,0,75,0.29781390245024275
2025-03-25 09:55:50.769856,molecular-splice-junction,SVC,tree_depth_pruned_sampling,0,0,76,0.3091454390932984
2025-03-25 09:56:16.596019,molecular-splice-junction,SVC,tree_depth_pruned_sampling,0,0,77,0.3196374899922563
2025-03-25 09:56:42.373675,molecular-splice-junction,SVC,tree_depth_pruned_sampling,0,0,78,0.30448532228125835
2025-03-25 09:57:07.695919,molecular-splice-junction,SVC,tree_depth_pruned_sampling,0,0,79,0.30448987609055045
2025-03-25 09:57:32.832174,molecular-splice-junction,SVC,tree_depth_pruned_sampling,0,0,80,0.31704841935726746
2025-03-25 09:57:58.457659,molecular-splice-junction,SVC,tree_depth_pruned_sampling,0,0,81,0.31577295317813225
2025-03-25 09:58:24.158018,molecular-splice-junction,SVC,tree_depth_pruned_sampling,0,0,82,0.30068734688018894
2025-03-25 09:58:49.000801,molecular-splice-junction,SVC,tree_depth_pruned_sampling,0,0,83,0.2990108177544193
2025-03-25 09:59:14.302694,molecular-splice-junction,SVC,tree_depth_pruned_sampling,0,0,84,0.29317153917339
2025-03-25 09:59:39.549575,molecular-splice-junction,SVC,tree_depth_pruned_sampling,0,0,85,0.2919048053013241
2025-03-25 10:00:03.718260,molecular-splice-junction,SVC,tree_depth_pruned_sampling,0,0,86,0.2919048053013241
2025-03-25 10:00:28.221514,molecular-splice-junction,SVC,tree_depth_pruned_sampling,0,0,87,0.2919048053013241
2025-03-25 10:00:52.967285,molecular-splice-junction,SVC,tree_depth_pruned_sampling,0,0,88,0.29647688719598475
2025-03-25 10:01:18.080101,molecular-splice-junction,SVC,tree_depth_pruned_sampling,0,0,89,0.3027345084097437
2025-03-25 10:01:43.114375,molecular-splice-junction,SVC,tree_depth_pruned_sampling,0,0,90,0.30065703877179284
2025-03-25 10:02:08.916831,molecular-splice-junction,SVC,tree_depth_pruned_sampling,0,0,91,0.3068984247691472
2025-03-25 10:02:34.927335,molecular-splice-junction,SVC,tree_depth_pruned_sampling,0,0,92,0.3068984247691472
2025-03-25 10:03:00.588432,molecular-splice-junction,SVC,tree_depth_pruned_sampling,0,0,93,0.3068984247691472
2025-03-25 10:03:26.309294,molecular-splice-junction,SVC,tree_depth_pruned_sampling,0,0,94,0.3068984247691472
2025-03-25 10:03:51.885949,molecular-splice-junction,SVC,tree_depth_pruned_sampling,0,0,95,0.3068984247691472
2025-03-25 10:04:18.021880,molecular-splice-junction,SVC,tree_depth_pruned_sampling,0,0,96,0.29897403222241004
2025-03-25 10:04:42.931422,molecular-splice-junction,SVC,tree_depth_pruned_sampling,0,0,97,0.3035568088783772
2025-03-25 10:05:08.399763,molecular-splice-junction,SVC,tree_depth_pruned_sampling,0,0,98,0.29524750159196345
2025-03-25 10:05:33.409143,molecular-splice-junction,SVC,tree_depth_pruned_sampling,0,0,99,0.28733138934530034
2025-03-25 10:05:58.606784,molecular-splice-junction,SVC,tree_depth_pruned_sampling,0,0,100,0.2790351805789175
2025-03-25 10:05:58.619462,molecular-splice-junction,SVC,tree_depth_pruned_sampling,0,1,0,0.22387714955555638
2025-03-25 10:06:26.386538,molecular-splice-junction,SVC,tree_depth_pruned_sampling,0,1,1,0.26013741263260115
2025-03-25 10:06:58.959782,molecular-splice-junction,SVC,tree_depth_pruned_sampling,0,1,2,0.0
2025-03-25 10:07:05.257264,molecular-splice-junction,SVC,tree_depth_pruned_sampling,0,1,3,0.0
2025-03-25 10:07:11.641734,molecular-splice-junction,SVC,tree_depth_pruned_sampling,0,1,4,0.0
2025-03-25 10:07:18.009966,molecular-splice-junction,SVC,tree_depth_pruned_sampling,0,1,5,0.0
2025-03-25 10:07:24.293255,molecular-splice-junction,SVC,tree_depth_pruned_sampling,0,1,6,0.2924089394859918
2025-03-25 10:07:51.208179,molecular-splice-junction,SVC,tree_depth_pruned_sampling,0,1,7,0.0
2025-03-25 10:07:57.467929,molecular-splice-junction,SVC,tree_depth_pruned_sampling,0,1,8,0.0
2025-03-25 10:08:03.426065,molecular-splice-junction,SVC,tree_depth_pruned_sampling,0,1,9,0.0
2025-03-25 10:08:09.370327,molecular-splice-junction,SVC,tree_depth_pruned_sampling,0,1,10,0.0
2025-03-25 10:08:15.314830,molecular-splice-junction,SVC,tree_depth_pruned_sampling,0,1,11,0.0
2025-03-25 10:08:21.239292,molecular-splice-junction,SVC,tree_depth_pruned_sampling,0,1,12,0.008418061277243427
2025-03-25 10:08:34.053825,molecular-splice-junction,SVC,tree_depth_pruned_sampling,0,1,13,0.2961791698761742
2025-03-25 10:09:00.162984,molecular-splice-junction,SVC,tree_depth_pruned_sampling,0,1,14,0.009922700536151075
2025-03-25 10:09:12.959953,molecular-splice-junction,SVC,tree_depth_pruned_sampling,0,1,15,0.0
2025-03-25 10:09:21.925202,molecular-splice-junction,SVC,tree_depth_pruned_sampling,0,1,16,0.025064952913227967
2025-03-25 10:09:35.656757,molecular-splice-junction,SVC,tree_depth_pruned_sampling,0,1,17,0.3652170798393741
2025-03-25 10:10:00.433049,molecular-splice-junction,SVC,tree_depth_pruned_sampling,0,1,18,0.07356798715203428
2025-03-25 10:10:18.189311,molecular-splice-junction,SVC,tree_depth_pruned_sampling,0,1,19,0.020322235282176915
2025-03-25 10:10:32.005612,molecular-splice-junction,SVC,tree_depth_pruned_sampling,0,1,20,0.15813068063858915
2025-03-25 10:10:54.859862,molecular-splice-junction,SVC,tree_depth_pruned_sampling,0,1,21,0.07240663761088983
2025-03-25 10:11:13.562175,molecular-splice-junction,SVC,tree_depth_pruned_sampling,0,1,22,0.02258792632056894
2025-03-25 10:11:26.620420,molecular-splice-junction,SVC,tree_depth_pruned_sampling,0,1,23,0.02258792632056894
2025-03-25 10:11:39.910885,molecular-splice-junction,SVC,tree_depth_pruned_sampling,0,1,24,0.0
2025-03-25 10:11:46.363354,molecular-splice-junction,SVC,tree_depth_pruned_sampling,0,1,25,0.02562928612774429
2025-03-25 10:11:59.549052,molecular-splice-junction,SVC,tree_depth_pruned_sampling,0,1,26,0.02562928612774429
2025-03-25 10:12:12.899980,molecular-splice-junction,SVC,tree_depth_pruned_sampling,0,1,27,0.018039052004121814
2025-03-25 10:12:24.407026,molecular-splice-junction,SVC,tree_depth_pruned_sampling,0,1,28,0.020122672979662082
2025-03-25 10:12:36.595890,molecular-splice-junction,SVC,tree_depth_pruned_sampling,0,1,29,0.06793898705765944
2025-03-25 10:12:53.215124,molecular-splice-junction,SVC,tree_depth_pruned_sampling,0,1,30,0.03535925011233221
2025-03-25 10:13:07.292285,molecular-splice-junction,SVC,tree_depth_pruned_sampling,0,1,31,0.12365624382230034
2025-03-25 10:13:27.275095,molecular-splice-junction,SVC,tree_depth_pruned_sampling,0,1,32,0.03842781854898292
2025-03-25 10:13:41.634101,molecular-splice-junction,SVC,tree_depth_pruned_sampling,0,1,33,0.1542580184136123
2025-03-25 10:14:02.770333,molecular-splice-junction,SVC,tree_depth_pruned_sampling,0,1,34,0.084786228758301
2025-03-25 10:14:21.204700,molecular-splice-junction,SVC,tree_depth_pruned_sampling,0,1,35,0.06480154940040317
2025-03-25 10:14:36.875603,molecular-splice-junction,SVC,tree_depth_pruned_sampling,0,1,36,0.06480154940040317
2025-03-25 10:14:52.594750,molecular-splice-junction,SVC,tree_depth_pruned_sampling,0,1,37,0.06480154940040317
2025-03-25 10:15:08.485838,molecular-splice-junction,SVC,tree_depth_pruned_sampling,0,1,38,0.03842781854898292
2025-03-25 10:15:22.141568,molecular-splice-junction,SVC,tree_depth_pruned_sampling,0,1,39,0.12695195195195197
2025-03-25 10:15:42.007495,molecular-splice-junction,SVC,tree_depth_pruned_sampling,0,1,40,0.12695195195195197
2025-03-25 10:16:01.787797,molecular-splice-junction,SVC,tree_depth_pruned_sampling,0,1,41,0.12913210096880645
2025-03-25 10:16:22.289914,molecular-splice-junction,SVC,tree_depth_pruned_sampling,0,1,42,0.13567245874339695
2025-03-25 10:16:43.779827,molecular-splice-junction,SVC,tree_depth_pruned_sampling,0,1,43,0.16670417885812883
2025-03-25 10:17:06.130953,molecular-splice-junction,SVC,tree_depth_pruned_sampling,0,1,44,0.22258414766558088
2025-03-25 10:17:28.735971,molecular-splice-junction,SVC,tree_depth_pruned_sampling,0,1,45,0.25520306857669917
2025-03-25 10:17:52.510921,molecular-splice-junction,SVC,tree_depth_pruned_sampling,0,1,46,0.25520306857669917
2025-03-25 10:18:16.702663,molecular-splice-junction,SVC,tree_depth_pruned_sampling,0,1,47,0.32995037726871046
2025-03-25 10:18:42.242740,molecular-splice-junction,SVC,tree_depth_pruned_sampling,0,1,48,0.1827984748590038
2025-03-25 10:19:03.827326,molecular-splice-junction,SVC,tree_depth_pruned_sampling,0,1,49,0.2598583426152081
2025-03-25 10:19:27.823891,molecular-splice-junction,SVC,tree_depth_pruned_sampling,0,1,50,0.23194305489495015
2025-03-25 10:19:50.898581,molecular-splice-junction,SVC,tree_depth_pruned_sampling,0,1,51,0.1462710144028826
2025-03-25 10:20:11.679599,molecular-splice-junction,SVC,tree_depth_pruned_sampling,0,1,52,0.20052734285770224
2025-03-25 10:20:33.690052,molecular-splice-junction,SVC,tree_depth_pruned_sampling,0,1,53,0.23899596535024548
2025-03-25 10:20:57.463682,molecular-splice-junction,SVC,tree_depth_pruned_sampling,0,1,54,0.2058590296916437
2025-03-25 10:21:19.565729,molecular-splice-junction,SVC,tree_depth_pruned_sampling,0,1,55,0.17195550883204191
2025-03-25 10:21:39.776116,molecular-splice-junction,SVC,tree_depth_pruned_sampling,0,1,56,0.14390450230284801
2025-03-25 10:21:58.835546,molecular-splice-junction,SVC,tree_depth_pruned_sampling,0,1,57,0.18120831469850462
2025-03-25 10:22:18.791975,molecular-splice-junction,SVC,tree_depth_pruned_sampling,0,1,58,0.19987945013707697
2025-03-25 10:22:40.681466,molecular-splice-junction,SVC,tree_depth_pruned_sampling,0,1,59,0.21647526959767727
2025-03-25 10:23:03.736297,molecular-splice-junction,SVC,tree_depth_pruned_sampling,0,1,60,0.2065653196188798
2025-03-25 10:23:26.701523,molecular-splice-junction,SVC,tree_depth_pruned_sampling,0,1,61,0.19826921706686707
2025-03-25 10:23:48.727628,molecular-splice-junction,SVC,tree_depth_pruned_sampling,0,1,62,0.21279207215376394
2025-03-25 10:24:11.521605,molecular-splice-junction,SVC,tree_depth_pruned_sampling,0,1,63,0.21279207215376394
2025-03-25 10:24:34.541311,molecular-splice-junction,SVC,tree_depth_pruned_sampling,0,1,64,0.21071568522674644
2025-03-25 10:24:57.608129,molecular-splice-junction,SVC,tree_depth_pruned_sampling,0,1,65,0.20702501675012053
2025-03-25 10:25:20.526845,molecular-splice-junction,SVC,tree_depth_pruned_sampling,0,1,66,0.20288719857582127
2025-03-25 10:25:43.310110,molecular-splice-junction,SVC,tree_depth_pruned_sampling,0,1,67,0.19873633238601418
2025-03-25 10:26:05.785712,molecular-splice-junction,SVC,tree_depth_pruned_sampling,0,1,68,0.1966530176250667
2025-03-25 10:26:27.668810,molecular-splice-junction,SVC,tree_depth_pruned_sampling,0,1,69,0.20702501675012053
2025-03-25 10:26:49.962925,molecular-splice-junction,SVC,tree_depth_pruned_sampling,0,1,70,0.19873114520618884
2025-03-25 10:27:11.982071,molecular-splice-junction,SVC,tree_depth_pruned_sampling,0,1,71,0.19873114520618884
2025-03-25 10:27:34.173939,molecular-splice-junction,SVC,tree_depth_pruned_sampling,0,1,72,0.18631931946188807
2025-03-25 10:27:55.934754,molecular-splice-junction,SVC,tree_depth_pruned_sampling,0,1,73,0.18631931946188807
2025-03-25 10:28:17.345356,molecular-splice-junction,SVC,tree_depth_pruned_sampling,0,1,74,0.17802933436056478
2025-03-25 10:28:37.820217,molecular-splice-junction,SVC,tree_depth_pruned_sampling,0,1,75,0.19460350034472595
2025-03-25 10:28:59.741173,molecular-splice-junction,SVC,tree_depth_pruned_sampling,0,1,76,0.18838975315115847
2025-03-25 10:29:21.014404,molecular-splice-junction,SVC,tree_depth_pruned_sampling,0,1,77,0.20082213950477423
2025-03-25 10:29:43.101150,molecular-splice-junction,SVC,tree_depth_pruned_sampling,0,1,78,0.2111908391511068
2025-03-25 10:30:05.847230,molecular-splice-junction,SVC,tree_depth_pruned_sampling,0,1,79,0.20911053498661647
2025-03-25 10:30:28.075424,molecular-splice-junction,SVC,tree_depth_pruned_sampling,0,1,80,0.19874151949867935
2025-03-25 10:30:49.530024,molecular-splice-junction,SVC,tree_depth_pruned_sampling,0,1,81,0.1925122438343837
2025-03-25 10:31:10.758040,molecular-splice-junction,SVC,tree_depth_pruned_sampling,0,1,82,0.19044181672811555
2025-03-25 10:31:31.832645,molecular-splice-junction,SVC,tree_depth_pruned_sampling,0,1,83,0.19458264413319393
2025-03-25 10:31:52.884879,molecular-splice-junction,SVC,tree_depth_pruned_sampling,0,1,84,0.19458264413319393
2025-03-25 10:32:14.038905,molecular-splice-junction,SVC,tree_depth_pruned_sampling,0,1,85,0.18837924448904286
2025-03-25 10:32:35.313354,molecular-splice-junction,SVC,tree_depth_pruned_sampling,0,1,86,0.19044443725115723
2025-03-25 10:32:56.343730,molecular-splice-junction,SVC,tree_depth_pruned_sampling,0,1,87,0.171822852092957
2025-03-25 10:33:17.336322,molecular-splice-junction,SVC,tree_depth_pruned_sampling,0,1,88,0.19872077064505267
2025-03-25 10:33:38.214855,molecular-splice-junction,SVC,tree_depth_pruned_sampling,0,1,89,0.21322522697480217
2025-03-25 10:34:00.289917,molecular-splice-junction,SVC,tree_depth_pruned_sampling,0,1,90,0.20287171785177893
2025-03-25 10:34:21.855584,molecular-splice-junction,SVC,tree_depth_pruned_sampling,0,1,91,0.20494196396781328
2025-03-25 10:34:43.350661,molecular-splice-junction,SVC,tree_depth_pruned_sampling,0,1,92,0.21114743486000975
2025-03-25 10:35:05.109673,molecular-splice-junction,SVC,tree_depth_pruned_sampling,0,1,93,0.21737301027310807
2025-03-25 10:35:27.190349,molecular-splice-junction,SVC,tree_depth_pruned_sampling,0,1,94,0.219432936302434
2025-03-25 10:35:49.262769,molecular-splice-junction,SVC,tree_depth_pruned_sampling,0,1,95,0.21942788340162744
2025-03-25 10:36:11.183539,molecular-splice-junction,SVC,tree_depth_pruned_sampling,0,1,96,0.21941525086339997
2025-03-25 10:36:32.700310,molecular-splice-junction,SVC,tree_depth_pruned_sampling,0,1,97,0.2070019162048785
2025-03-25 10:36:53.980113,molecular-splice-junction,SVC,tree_depth_pruned_sampling,0,1,98,0.21735274506884528
2025-03-25 10:37:16.294080,molecular-splice-junction,SVC,tree_depth_pruned_sampling,0,1,99,0.21735274506884528
2025-03-25 10:37:37.840024,molecular-splice-junction,SVC,tree_depth_pruned_sampling,0,1,100,0.21942283043540178
2025-03-25 10:37:37.850636,molecular-splice-junction,SVC,tree_depth_pruned_sampling,0,2,0,0.225986770120282
2025-03-25 10:38:07.055177,molecular-splice-junction,SVC,tree_depth_pruned_sampling,0,2,1,0.30219585911210434
2025-03-25 10:38:40.545441,molecular-splice-junction,SVC,tree_depth_pruned_sampling,0,2,2,0.0
2025-03-25 10:38:46.917058,molecular-splice-junction,SVC,tree_depth_pruned_sampling,0,2,3,0.1661641584389032
2025-03-25 10:39:15.337938,molecular-splice-junction,SVC,tree_depth_pruned_sampling,0,2,4,0.0
2025-03-25 10:39:21.489322,molecular-splice-junction,SVC,tree_depth_pruned_sampling,0,2,5,0.172500566031633
2025-03-25 10:39:49.745850,molecular-splice-junction,SVC,tree_depth_pruned_sampling,0,2,6,0.002069347426917001
2025-03-25 10:39:56.901268,molecular-splice-junction,SVC,tree_depth_pruned_sampling,0,2,7,0.002069347426917001
2025-03-25 10:40:03.509859,molecular-splice-junction,SVC,tree_depth_pruned_sampling,0,2,8,0.20955058178842123
2025-03-25 10:40:32.425941,molecular-splice-junction,SVC,tree_depth_pruned_sampling,0,2,9,0.0020554054578125758
2025-03-25 10:40:41.945250,molecular-splice-junction,SVC,tree_depth_pruned_sampling,0,2,10,0.0020554054578125758
2025-03-25 10:40:51.179157,molecular-splice-junction,SVC,tree_depth_pruned_sampling,0,2,11,0.0020554054578125758
2025-03-25 10:41:00.325654,molecular-splice-junction,SVC,tree_depth_pruned_sampling,0,2,12,0.3484946137556395
2025-03-25 10:41:25.824802,molecular-splice-junction,SVC,tree_depth_pruned_sampling,0,2,13,0.00895051919497225
2025-03-25 10:41:39.086886,molecular-splice-junction,SVC,tree_depth_pruned_sampling,0,2,14,0.3829223744292237
2025-03-25 10:42:04.510911,molecular-splice-junction,SVC,tree_depth_pruned_sampling,0,2,15,0.037145425554950484
2025-03-25 10:42:21.940241,molecular-splice-junction,SVC,tree_depth_pruned_sampling,0,2,16,0.0
2025-03-25 10:42:28.022181,molecular-splice-junction,SVC,tree_depth_pruned_sampling,0,2,17,0.030471349595199926
2025-03-25 10:42:44.570784,molecular-splice-junction,SVC,tree_depth_pruned_sampling,0,2,18,0.004467523049829003
2025-03-25 10:42:51.414327,molecular-splice-junction,SVC,tree_depth_pruned_sampling,0,2,19,0.004467523049829003
2025-03-25 10:42:58.770817,molecular-splice-junction,SVC,tree_depth_pruned_sampling,0,2,20,0.0742679852627498
2025-03-25 10:43:18.978978,molecular-splice-junction,SVC,tree_depth_pruned_sampling,0,2,21,0.0742679852627498
2025-03-25 10:43:39.702635,molecular-splice-junction,SVC,tree_depth_pruned_sampling,0,2,22,0.12112984980808061
2025-03-25 10:44:01.783664,molecular-splice-junction,SVC,tree_depth_pruned_sampling,0,2,23,0.2069991635926196
2025-03-25 10:44:26.724832,molecular-splice-junction,SVC,tree_depth_pruned_sampling,0,2,24,0.10399098054038547
2025-03-25 10:44:45.344663,molecular-splice-junction,SVC,tree_depth_pruned_sampling,0,2,25,0.18376342440825177
2025-03-25 10:45:09.394227,molecular-splice-junction,SVC,tree_depth_pruned_sampling,0,2,26,0.09674374705049549
2025-03-25 10:45:27.422861,molecular-splice-junction,SVC,tree_depth_pruned_sampling,0,2,27,0.17492709485105373
2025-03-25 10:45:51.188346,molecular-splice-junction,SVC,tree_depth_pruned_sampling,0,2,28,0.10084495387340564
2025-03-25 10:46:10.199990,molecular-splice-junction,SVC,tree_depth_pruned_sampling,0,2,29,0.17904980520845126
2025-03-25 10:46:33.218497,molecular-splice-junction,SVC,tree_depth_pruned_sampling,0,2,30,0.12348755943895462
2025-03-25 10:46:54.342131,molecular-splice-junction,SVC,tree_depth_pruned_sampling,0,2,31,0.10908832314037842
2025-03-25 10:47:13.090064,molecular-splice-junction,SVC,tree_depth_pruned_sampling,0,2,32,0.09262808806084488
2025-03-25 10:47:30.253853,molecular-splice-junction,SVC,tree_depth_pruned_sampling,0,2,33,0.09262808806084488
2025-03-25 10:47:47.478988,molecular-splice-junction,SVC,tree_depth_pruned_sampling,0,2,34,0.09262808806084488
2025-03-25 10:48:05.288902,molecular-splice-junction,SVC,tree_depth_pruned_sampling,0,2,35,0.05558769630546567
2025-03-25 10:48:20.050588,molecular-splice-junction,SVC,tree_depth_pruned_sampling,0,2,36,0.06015171480465831
2025-03-25 10:48:36.765010,molecular-splice-junction,SVC,tree_depth_pruned_sampling,0,2,37,0.03499852947355153
2025-03-25 10:48:51.034029,molecular-splice-junction,SVC,tree_depth_pruned_sampling,0,2,38,0.051679107511668265
2025-03-25 10:49:06.957656,molecular-splice-junction,SVC,tree_depth_pruned_sampling,0,2,39,0.041454526574704276
2025-03-25 10:49:21.743394,molecular-splice-junction,SVC,tree_depth_pruned_sampling,0,2,40,0.028658242281516144
2025-03-25 10:49:35.798735,molecular-splice-junction,SVC,tree_depth_pruned_sampling,0,2,41,0.057549085985104886
2025-03-25 10:49:51.777558,molecular-splice-junction,SVC,tree_depth_pruned_sampling,0,2,42,0.046260673735572855
2025-03-25 10:50:05.494497,molecular-splice-junction,SVC,tree_depth_pruned_sampling,0,2,43,0.03595441632314966
2025-03-25 10:50:17.991995,molecular-splice-junction,SVC,tree_depth_pruned_sampling,0,2,44,0.03293968598705932
2025-03-25 10:50:30.082745,molecular-splice-junction,SVC,tree_depth_pruned_sampling,0,2,45,0.018528154197678948
2025-03-25 10:50:40.197678,molecular-splice-junction,SVC,tree_depth_pruned_sampling,0,2,46,0.02453119280617011
2025-03-25 10:50:52.780774,molecular-splice-junction,SVC,tree_depth_pruned_sampling,0,2,47,0.038139801437284127
2025-03-25 10:51:07.329283,molecular-splice-junction,SVC,tree_depth_pruned_sampling,0,2,48,0.060958136869252444
2025-03-25 10:51:23.548520,molecular-splice-junction,SVC,tree_depth_pruned_sampling,0,2,49,0.09038524371045842
2025-03-25 10:51:43.147695,molecular-splice-junction,SVC,tree_depth_pruned_sampling,0,2,50,0.11035437613317955
2025-03-25 10:52:02.979632,molecular-splice-junction,SVC,tree_depth_pruned_sampling,0,2,51,0.13765593269509713
2025-03-25 10:52:23.714575,molecular-splice-junction,SVC,tree_depth_pruned_sampling,0,2,52,0.16705789265462223
2025-03-25 10:52:45.694368,molecular-splice-junction,SVC,tree_depth_pruned_sampling,0,2,53,0.2057646644249992
2025-03-25 10:53:09.072996,molecular-splice-junction,SVC,tree_depth_pruned_sampling,0,2,54,0.2653324428272035
2025-03-25 10:53:33.470757,molecular-splice-junction,SVC,tree_depth_pruned_sampling,0,2,55,0.28249074323746637
2025-03-25 10:53:58.688528,molecular-splice-junction,SVC,tree_depth_pruned_sampling,0,2,56,0.2645037967366457
2025-03-25 10:54:22.733499,molecular-splice-junction,SVC,tree_depth_pruned_sampling,0,2,57,0.24623309638822344
2025-03-25 10:54:46.468914,molecular-splice-junction,SVC,tree_depth_pruned_sampling,0,2,58,0.27748920724382964
2025-03-25 10:55:10.960736,molecular-splice-junction,SVC,tree_depth_pruned_sampling,0,2,59,0.2558612127548353
2025-03-25 10:55:34.802849,molecular-splice-junction,SVC,tree_depth_pruned_sampling,0,2,60,0.2729166666666668
2025-03-25 10:55:59.301972,molecular-splice-junction,SVC,tree_depth_pruned_sampling,0,2,61,0.2522025642862259
2025-03-25 10:56:23.047007,molecular-splice-junction,SVC,tree_depth_pruned_sampling,0,2,62,0.25427735144445063
2025-03-25 10:56:46.900363,molecular-splice-junction,SVC,tree_depth_pruned_sampling,0,2,63,0.26256943223479
2025-03-25 10:57:10.540374,molecular-splice-junction,SVC,tree_depth_pruned_sampling,0,2,64,0.2551358558675749
2025-03-25 10:57:33.758538,molecular-splice-junction,SVC,tree_depth_pruned_sampling,0,2,65,0.24937029345137696
2025-03-25 10:57:55.950703,molecular-splice-junction,SVC,tree_depth_pruned_sampling,0,2,66,0.25970201645930024
2025-03-25 10:58:18.852942,molecular-splice-junction,SVC,tree_depth_pruned_sampling,0,2,67,0.263834987746293
2025-03-25 10:58:41.755727,molecular-splice-junction,SVC,tree_depth_pruned_sampling,0,2,68,0.2700347469389215
2025-03-25 10:59:05.203631,molecular-splice-junction,SVC,tree_depth_pruned_sampling,0,2,69,0.26302844664509983
2025-03-25 10:59:28.632061,molecular-splice-junction,SVC,tree_depth_pruned_sampling,0,2,70,0.27542345382568634
2025-03-25 10:59:52.621768,molecular-splice-junction,SVC,tree_depth_pruned_sampling,0,2,71,0.28202317518899156
2025-03-25 11:00:16.460868,molecular-splice-junction,SVC,tree_depth_pruned_sampling,0,2,72,0.27789200583752227
2025-03-25 11:00:40.533580,molecular-splice-junction,SVC,tree_depth_pruned_sampling,0,2,73,0.2861405340892138
2025-03-25 11:01:05.125046,molecular-splice-junction,SVC,tree_depth_pruned_sampling,0,2,74,0.27625011344042105
2025-03-25 11:01:29.276623,molecular-splice-junction,SVC,tree_depth_pruned_sampling,0,2,75,0.2762477676473353
2025-03-25 11:01:53.303638,molecular-splice-junction,SVC,tree_depth_pruned_sampling,0,2,76,0.2741822566216794
2025-03-25 11:02:17.038847,molecular-splice-junction,SVC,tree_depth_pruned_sampling,0,2,77,0.2700252493331129
2025-03-25 11:02:41.400439,molecular-splice-junction,SVC,tree_depth_pruned_sampling,0,2,78,0.2724893177967612
2025-03-25 11:03:05.607343,molecular-splice-junction,SVC,tree_depth_pruned_sampling,0,2,79,0.26836758493793256
2025-03-25 11:03:29.618418,molecular-splice-junction,SVC,tree_depth_pruned_sampling,0,2,80,0.2663103336572724
2025-03-25 11:03:53.731240,molecular-splice-junction,SVC,tree_depth_pruned_sampling,0,2,81,0.2663103336572724
2025-03-25 11:04:17.772450,molecular-splice-junction,SVC,tree_depth_pruned_sampling,0,2,82,0.26632934682612697
2025-03-25 11:04:41.780336,molecular-splice-junction,SVC,tree_depth_pruned_sampling,0,2,83,0.2786733358385921
2025-03-25 11:05:05.777300,molecular-splice-junction,SVC,tree_depth_pruned_sampling,0,2,84,0.27867099905080617
2025-03-25 11:05:29.992285,molecular-splice-junction,SVC,tree_depth_pruned_sampling,0,2,85,0.27497652734160005
2025-03-25 11:05:54.216242,molecular-splice-junction,SVC,tree_depth_pruned_sampling,0,2,86,0.27498122199487174
2025-03-25 11:06:18.648698,molecular-splice-junction,SVC,tree_depth_pruned_sampling,0,2,87,0.2729250573045494
2025-03-25 11:06:42.247923,molecular-splice-junction,SVC,tree_depth_pruned_sampling,0,2,88,0.2729250573045494
2025-03-25 11:07:05.744853,molecular-splice-junction,SVC,tree_depth_pruned_sampling,0,2,89,0.2708571428571428
2025-03-25 11:07:29.285645,molecular-splice-junction,SVC,tree_depth_pruned_sampling,0,2,90,0.27085478220892667
2025-03-25 11:07:52.971408,molecular-splice-junction,SVC,tree_depth_pruned_sampling,0,2,91,0.2687726432412657
2025-03-25 11:08:16.989691,molecular-splice-junction,SVC,tree_depth_pruned_sampling,0,2,92,0.27494835814516705
2025-03-25 11:08:41.099894,molecular-splice-junction,SVC,tree_depth_pruned_sampling,0,2,93,0.2749647904424264
2025-03-25 11:09:04.889108,molecular-splice-junction,SVC,tree_depth_pruned_sampling,0,2,94,0.27906570137153064
2025-03-25 11:09:28.977477,molecular-splice-junction,SVC,tree_depth_pruned_sampling,0,2,95,0.2749319251030432
2025-03-25 11:09:52.899832,molecular-splice-junction,SVC,tree_depth_pruned_sampling,0,2,96,0.27288268395184845
2025-03-25 11:10:17.038431,molecular-splice-junction,SVC,tree_depth_pruned_sampling,0,2,97,0.27291328742419974
2025-03-25 11:10:41.020464,molecular-splice-junction,SVC,tree_depth_pruned_sampling,0,2,98,0.26343668749272375
2025-03-25 11:11:05.182370,molecular-splice-junction,SVC,tree_depth_pruned_sampling,0,2,99,0.2675512494219382
2025-03-25 11:11:29.568449,molecular-splice-junction,SVC,tree_depth_pruned_sampling,0,2,100,0.26753703709692556
2025-03-25 11:11:29.580658,molecular-splice-junction,SVC,tree_depth_pruned_sampling,0,3,0,0.0
2025-03-25 11:11:35.526064,molecular-splice-junction,SVC,tree_depth_pruned_sampling,0,3,1,0.004162330905306932
2025-03-25 11:11:42.415571,molecular-splice-junction,SVC,tree_depth_pruned_sampling,0,3,2,0.016604096083997266
2025-03-25 11:11:51.622291,molecular-splice-junction,SVC,tree_depth_pruned_sampling,0,3,3,0.16064161227130458
2025-03-25 11:12:18.128278,molecular-splice-junction,SVC,tree_depth_pruned_sampling,0,3,4,0.0
2025-03-25 11:12:21.026524,molecular-splice-junction,SVC,tree_depth_pruned_sampling,0,3,5,0.0
2025-03-25 11:12:23.993310,molecular-splice-junction,SVC,tree_depth_pruned_sampling,0,3,6,0.19832865285483958
2025-03-25 11:12:51.800621,molecular-splice-junction,SVC,tree_depth_pruned_sampling,0,3,7,0.0
2025-03-25 11:12:54.627517,molecular-splice-junction,SVC,tree_depth_pruned_sampling,0,3,8,0.18835065013974972
2025-03-25 11:13:22.047772,molecular-splice-junction,SVC,tree_depth_pruned_sampling,0,3,9,0.0
2025-03-25 11:13:24.648602,molecular-splice-junction,SVC,tree_depth_pruned_sampling,0,3,10,0.16780353698462092
2025-03-25 11:13:52.186965,molecular-splice-junction,SVC,tree_depth_pruned_sampling,0,3,11,0.0009124028549798435
2025-03-25 11:13:58.296923,molecular-splice-junction,SVC,tree_depth_pruned_sampling,0,3,12,0.13970413733090736
2025-03-25 11:14:24.898130,molecular-splice-junction,SVC,tree_depth_pruned_sampling,0,3,13,0.003318856550204252
2025-03-25 11:14:38.453590,molecular-splice-junction,SVC,tree_depth_pruned_sampling,0,3,14,0.27252920531036473
2025-03-25 11:15:04.537721,molecular-splice-junction,SVC,tree_depth_pruned_sampling,0,3,15,0.0288135145487447
2025-03-25 11:15:22.854141,molecular-splice-junction,SVC,tree_depth_pruned_sampling,0,3,16,0.0038935209479200594
2025-03-25 11:15:34.307568,molecular-splice-junction,SVC,tree_depth_pruned_sampling,0,3,17,0.0009124028549798435
2025-03-25 11:15:41.091598,molecular-splice-junction,SVC,tree_depth_pruned_sampling,0,3,18,0.0009124028549798435
2025-03-25 11:15:48.911975,molecular-splice-junction,SVC,tree_depth_pruned_sampling,0,3,19,0.016621710762639297
2025-03-25 11:16:05.417297,molecular-splice-junction,SVC,tree_depth_pruned_sampling,0,3,20,0.1801439534497571
2025-03-25 11:16:30.466189,molecular-splice-junction,SVC,tree_depth_pruned_sampling,0,3,21,0.1801439534497571
2025-03-25 11:16:55.792945,molecular-splice-junction,SVC,tree_depth_pruned_sampling,0,3,22,0.03594719261969137
2025-03-25 11:17:16.060877,molecular-splice-junction,SVC,tree_depth_pruned_sampling,0,3,23,0.038058155910860814
2025-03-25 11:17:36.202226,molecular-splice-junction,SVC,tree_depth_pruned_sampling,0,3,24,0.038058155910860814
2025-03-25 11:17:55.933000,molecular-splice-junction,SVC,tree_depth_pruned_sampling,0,3,25,0.044391129727078704
2025-03-25 11:18:16.393389,molecular-splice-junction,SVC,tree_depth_pruned_sampling,0,3,26,0.06127967550801283
2025-03-25 11:18:36.682830,molecular-splice-junction,SVC,tree_depth_pruned_sampling,0,3,27,0.021151139470099944
2025-03-25 11:18:53.016484,molecular-splice-junction,SVC,tree_depth_pruned_sampling,0,3,28,0.039787539738780464
2025-03-25 11:19:09.856518,molecular-splice-junction,SVC,tree_depth_pruned_sampling,0,3,29,0.04806454549000738
2025-03-25 11:19:27.240457,molecular-splice-junction,SVC,tree_depth_pruned_sampling,0,3,30,0.12297357693297406
2025-03-25 11:19:51.841191,molecular-splice-junction,SVC,tree_depth_pruned_sampling,0,3,31,0.18386988700392903
2025-03-25 11:20:17.510478,molecular-splice-junction,SVC,tree_depth_pruned_sampling,0,3,32,0.23430674797265805
2025-03-25 11:20:44.414027,molecular-splice-junction,SVC,tree_depth_pruned_sampling,0,3,33,0.40530325184232074
2025-03-25 11:21:12.882897,molecular-splice-junction,SVC,tree_depth_pruned_sampling,0,3,34,0.4632801732624532
2025-03-25 11:21:42.945332,molecular-splice-junction,SVC,tree_depth_pruned_sampling,0,3,35,0.359257444494254
2025-03-25 11:22:11.948941,molecular-splice-junction,SVC,tree_depth_pruned_sampling,0,3,36,0.2623051987684629
2025-03-25 11:22:38.815153,molecular-splice-junction,SVC,tree_depth_pruned_sampling,0,3,37,0.3155335234610417
2025-03-25 11:23:06.999664,molecular-splice-junction,SVC,tree_depth_pruned_sampling,0,3,38,0.21364873682614804
2025-03-25 11:23:31.981523,molecular-splice-junction,SVC,tree_depth_pruned_sampling,0,3,39,0.14953523228631904
2025-03-25 11:23:51.876673,molecular-splice-junction,SVC,tree_depth_pruned_sampling,0,3,40,0.19150991777921156
2025-03-25 11:24:15.465904,molecular-splice-junction,SVC,tree_depth_pruned_sampling,0,3,41,0.13847081650846926
2025-03-25 11:24:34.263337,molecular-splice-junction,SVC,tree_depth_pruned_sampling,0,3,42,0.0946575892114423
2025-03-25 11:24:51.089594,molecular-splice-junction,SVC,tree_depth_pruned_sampling,0,3,43,0.13265658862164786
2025-03-25 11:25:13.290850,molecular-splice-junction,SVC,tree_depth_pruned_sampling,0,3,44,0.14848040159629217
2025-03-25 11:25:35.846055,molecular-splice-junction,SVC,tree_depth_pruned_sampling,0,3,45,0.1764627805190453
2025-03-25 11:25:59.116038,molecular-splice-junction,SVC,tree_depth_pruned_sampling,0,3,46,0.21707146387006682
2025-03-25 11:26:23.268836,molecular-splice-junction,SVC,tree_depth_pruned_sampling,0,3,47,0.2618433528042805
2025-03-25 11:26:48.816059,molecular-splice-junction,SVC,tree_depth_pruned_sampling,0,3,48,0.277429695468454
2025-03-25 11:27:15.603448,molecular-splice-junction,SVC,tree_depth_pruned_sampling,0,3,49,0.24845329188980503
2025-03-25 11:27:41.129842,molecular-splice-junction,SVC,tree_depth_pruned_sampling,0,3,50,0.2302895790236339
2025-03-25 11:28:05.970016,molecular-splice-junction,SVC,tree_depth_pruned_sampling,0,3,51,0.20383128995691102
2025-03-25 11:28:30.083117,molecular-splice-junction,SVC,tree_depth_pruned_sampling,0,3,52,0.23083055349540804
2025-03-25 11:28:55.299939,molecular-splice-junction,SVC,tree_depth_pruned_sampling,0,3,53,0.22711361884983605
2025-03-25 11:29:20.434177,molecular-splice-junction,SVC,tree_depth_pruned_sampling,0,3,54,0.22712118985812468
2025-03-25 11:29:45.283448,molecular-splice-junction,SVC,tree_depth_pruned_sampling,0,3,55,0.22920945480429833
2025-03-25 11:30:10.135718,molecular-splice-junction,SVC,tree_depth_pruned_sampling,0,3,56,0.20495208967121648
2025-03-25 11:30:33.305135,molecular-splice-junction,SVC,tree_depth_pruned_sampling,0,3,57,0.20495208967121648
2025-03-25 11:30:56.197644,molecular-splice-junction,SVC,tree_depth_pruned_sampling,0,3,58,0.17595195335884017
2025-03-25 11:31:18.623604,molecular-splice-junction,SVC,tree_depth_pruned_sampling,0,3,59,0.18838759634436386
2025-03-25 11:31:41.588372,molecular-splice-junction,SVC,tree_depth_pruned_sampling,0,3,60,0.21944743615190143
2025-03-25 11:32:05.419936,molecular-splice-junction,SVC,tree_depth_pruned_sampling,0,3,61,0.1980420879631284
2025-03-25 11:32:28.701738,molecular-splice-junction,SVC,tree_depth_pruned_sampling,0,3,62,0.1870345212195098
2025-03-25 11:32:51.391044,molecular-splice-junction,SVC,tree_depth_pruned_sampling,0,3,63,0.1817916847484634
2025-03-25 11:33:13.751353,molecular-splice-junction,SVC,tree_depth_pruned_sampling,0,3,64,0.1715063844118665
2025-03-25 11:33:34.782382,molecular-splice-junction,SVC,tree_depth_pruned_sampling,0,3,65,0.16118690556762727
2025-03-25 11:33:55.125422,molecular-splice-junction,SVC,tree_depth_pruned_sampling,0,3,66,0.19003805359889892
2025-03-25 11:34:16.535341,molecular-splice-junction,SVC,tree_depth_pruned_sampling,0,3,67,0.21681279778195972
2025-03-25 11:34:39.716417,molecular-splice-junction,SVC,tree_depth_pruned_sampling,0,3,68,0.1888859774264613
2025-03-25 11:35:02.386388,molecular-splice-junction,SVC,tree_depth_pruned_sampling,0,3,69,0.20329721878043028
2025-03-25 11:35:25.003005,molecular-splice-junction,SVC,tree_depth_pruned_sampling,0,3,70,0.21770217281586068
2025-03-25 11:35:48.455945,molecular-splice-junction,SVC,tree_depth_pruned_sampling,0,3,71,0.21971074513864186
2025-03-25 11:36:12.406689,molecular-splice-junction,SVC,tree_depth_pruned_sampling,0,3,72,0.21605654843706046
2025-03-25 11:36:35.891016,molecular-splice-junction,SVC,tree_depth_pruned_sampling,0,3,73,0.20992117124399412
2025-03-25 11:36:59.342934,molecular-splice-junction,SVC,tree_depth_pruned_sampling,0,3,74,0.20376345824307285
2025-03-25 11:37:22.082083,molecular-splice-junction,SVC,tree_depth_pruned_sampling,0,3,75,0.21608189687228185
2025-03-25 11:37:45.458644,molecular-splice-junction,SVC,tree_depth_pruned_sampling,0,3,76,0.22431610942249236
2025-03-25 11:38:09.474063,molecular-splice-junction,SVC,tree_depth_pruned_sampling,0,3,77,0.2140189544956299
2025-03-25 11:38:33.254562,molecular-splice-junction,SVC,tree_depth_pruned_sampling,0,3,78,0.21403928542559214
2025-03-25 11:38:55.979462,molecular-splice-junction,SVC,tree_depth_pruned_sampling,0,3,79,0.20787623066104088
2025-03-25 11:39:17.897222,molecular-splice-junction,SVC,tree_depth_pruned_sampling,0,3,80,0.2161047090624556
2025-03-25 11:39:40.852607,molecular-splice-junction,SVC,tree_depth_pruned_sampling,0,3,81,0.21199932747895134
2025-03-25 11:40:02.659154,molecular-splice-junction,SVC,tree_depth_pruned_sampling,0,3,82,0.2140570741265253
2025-03-25 11:40:24.655615,molecular-splice-junction,SVC,tree_depth_pruned_sampling,0,3,83,0.22226569446914446
2025-03-25 11:40:47.720414,molecular-splice-junction,SVC,tree_depth_pruned_sampling,0,3,84,0.23255069473861212
2025-03-25 11:41:11.010530,molecular-splice-junction,SVC,tree_depth_pruned_sampling,0,3,85,0.2304901472575941
2025-03-25 11:41:34.471488,molecular-splice-junction,SVC,tree_depth_pruned_sampling,0,3,86,0.2304901472575941
2025-03-25 11:41:57.799795,molecular-splice-junction,SVC,tree_depth_pruned_sampling,0,3,87,0.23252587770782207
2025-03-25 11:42:21.474823,molecular-splice-junction,SVC,tree_depth_pruned_sampling,0,3,88,0.23459640545067684
2025-03-25 11:42:45.021585,molecular-splice-junction,SVC,tree_depth_pruned_sampling,0,3,89,0.23459640545067684
2025-03-25 11:43:08.588697,molecular-splice-junction,SVC,tree_depth_pruned_sampling,0,3,90,0.23459640545067684
2025-03-25 11:43:32.029482,molecular-splice-junction,SVC,tree_depth_pruned_sampling,0,3,91,0.2325581395348837
2025-03-25 11:43:55.347318,molecular-splice-junction,SVC,tree_depth_pruned_sampling,0,3,92,0.24075864633692812
2025-03-25 11:44:19.343573,molecular-splice-junction,SVC,tree_depth_pruned_sampling,0,3,93,0.23664961421799102
2025-03-25 11:44:43.162147,molecular-splice-junction,SVC,tree_depth_pruned_sampling,0,3,94,0.2407561911044711
2025-03-25 11:45:06.930685,molecular-splice-junction,SVC,tree_depth_pruned_sampling,0,3,95,0.24283894167027753
2025-03-25 11:45:30.618038,molecular-splice-junction,SVC,tree_depth_pruned_sampling,0,3,96,0.23462363018460375
2025-03-25 11:45:54.260934,molecular-splice-junction,SVC,tree_depth_pruned_sampling,0,3,97,0.24283894167027753
2025-03-25 11:46:17.950654,molecular-splice-junction,SVC,tree_depth_pruned_sampling,0,3,98,0.23872010865171633
2025-03-25 11:46:41.316835,molecular-splice-junction,SVC,tree_depth_pruned_sampling,0,3,99,0.23872257038086186
2025-03-25 11:47:04.484155,molecular-splice-junction,SVC,tree_depth_pruned_sampling,0,3,100,0.23667676627227552
2025-03-25 11:47:04.496225,molecular-splice-junction,SVC,tree_depth_pruned_sampling,0,4,0,0.11387616819075785
2025-03-25 11:47:31.372958,molecular-splice-junction,SVC,tree_depth_pruned_sampling,0,4,1,0.0
2025-03-25 11:47:37.011628,molecular-splice-junction,SVC,tree_depth_pruned_sampling,0,4,2,0.0
2025-03-25 11:47:43.296707,molecular-splice-junction,SVC,tree_depth_pruned_sampling,0,4,3,0.0
2025-03-25 11:47:48.629658,molecular-splice-junction,SVC,tree_depth_pruned_sampling,0,4,4,0.0
2025-03-25 11:47:54.953684,molecular-splice-junction,SVC,tree_depth_pruned_sampling,0,4,5,0.0
2025-03-25 11:48:01.218717,molecular-splice-junction,SVC,tree_depth_pruned_sampling,0,4,6,0.0
2025-03-25 11:48:07.445240,molecular-splice-junction,SVC,tree_depth_pruned_sampling,0,4,7,0.0
2025-03-25 11:48:13.580545,molecular-splice-junction,SVC,tree_depth_pruned_sampling,0,4,8,0.0
2025-03-25 11:48:16.481022,molecular-splice-junction,SVC,tree_depth_pruned_sampling,0,4,9,0.004157251215294533
2025-03-25 11:48:19.401918,molecular-splice-junction,SVC,tree_depth_pruned_sampling,0,4,10,0.004157251215294533
2025-03-25 11:48:22.328311,molecular-splice-junction,SVC,tree_depth_pruned_sampling,0,4,11,0.004157251215294533
2025-03-25 11:48:25.187156,molecular-splice-junction,SVC,tree_depth_pruned_sampling,0,4,12,0.012459330240988997
2025-03-25 11:48:31.476099,molecular-splice-junction,SVC,tree_depth_pruned_sampling,0,4,13,0.016599093484995664
2025-03-25 11:48:37.739065,molecular-splice-junction,SVC,tree_depth_pruned_sampling,0,4,14,0.016599093484995664
2025-03-25 11:48:44.191896,molecular-splice-junction,SVC,tree_depth_pruned_sampling,0,4,15,0.016599093484995664
2025-03-25 11:48:50.734866,molecular-splice-junction,SVC,tree_depth_pruned_sampling,0,4,16,0.016599093484995664
2025-03-25 11:48:57.396471,molecular-splice-junction,SVC,tree_depth_pruned_sampling,0,4,17,0.016599093484995664
2025-03-25 11:49:03.901548,molecular-splice-junction,SVC,tree_depth_pruned_sampling,0,4,18,0.016599093484995664
2025-03-25 11:49:10.358720,molecular-splice-junction,SVC,tree_depth_pruned_sampling,0,4,19,0.016599093484995664
2025-03-25 11:49:19.316186,molecular-splice-junction,SVC,tree_depth_pruned_sampling,0,4,20,0.020731366420167263
2025-03-25 11:49:28.037209,molecular-splice-junction,SVC,tree_depth_pruned_sampling,0,4,21,0.020731366420167263
2025-03-25 11:49:36.310792,molecular-splice-junction,SVC,tree_depth_pruned_sampling,0,4,22,0.020731366420167263
2025-03-25 11:49:44.701906,molecular-splice-junction,SVC,tree_depth_pruned_sampling,0,4,23,0.020731366420167263
2025-03-25 11:49:54.142763,molecular-splice-junction,SVC,tree_depth_pruned_sampling,0,4,24,0.020731366420167263
2025-03-25 11:50:03.555581,molecular-splice-junction,SVC,tree_depth_pruned_sampling,0,4,25,0.016599093484995664
2025-03-25 11:50:13.072493,molecular-splice-junction,SVC,tree_depth_pruned_sampling,0,4,26,0.016599093484995664
2025-03-25 11:50:22.541814,molecular-splice-junction,SVC,tree_depth_pruned_sampling,0,4,27,0.016599093484995664
2025-03-25 11:50:32.094088,molecular-splice-junction,SVC,tree_depth_pruned_sampling,0,4,28,0.020731366420167263
2025-03-25 11:50:41.639616,molecular-splice-junction,SVC,tree_depth_pruned_sampling,0,4,29,0.020731366420167263
2025-03-25 11:50:51.450535,molecular-splice-junction,SVC,tree_depth_pruned_sampling,0,4,30,0.06159929479914361
2025-03-25 11:51:03.080701,molecular-splice-junction,SVC,tree_depth_pruned_sampling,0,4,31,0.053484112206125145
2025-03-25 11:51:14.513119,molecular-splice-junction,SVC,tree_depth_pruned_sampling,0,4,32,0.053484112206125145
2025-03-25 11:51:26.281543,molecular-splice-junction,SVC,tree_depth_pruned_sampling,0,4,33,0.053484112206125145
2025-03-25 11:51:38.245884,molecular-splice-junction,SVC,tree_depth_pruned_sampling,0,4,34,0.057550075876359186
2025-03-25 11:51:51.754316,molecular-splice-junction,SVC,tree_depth_pruned_sampling,0,4,35,0.06970429850716253
2025-03-25 11:52:05.285376,molecular-splice-junction,SVC,tree_depth_pruned_sampling,0,4,36,0.13963930587869167
2025-03-25 11:52:20.007963,molecular-splice-junction,SVC,tree_depth_pruned_sampling,0,4,37,0.21741230103538878
2025-03-25 11:52:36.392828,molecular-splice-junction,SVC,tree_depth_pruned_sampling,0,4,38,0.17360340588600454
2025-03-25 11:52:51.312313,molecular-splice-junction,SVC,tree_depth_pruned_sampling,0,4,39,0.22319060979541938
2025-03-25 11:53:07.653400,molecular-splice-junction,SVC,tree_depth_pruned_sampling,0,4,40,0.18508587614139926
2025-03-25 11:53:22.839657,molecular-splice-junction,SVC,tree_depth_pruned_sampling,0,4,41,0.23037950252117068
2025-03-25 11:53:38.888895,molecular-splice-junction,SVC,tree_depth_pruned_sampling,0,4,42,0.1690227051271378
2025-03-25 11:53:54.105588,molecular-splice-junction,SVC,tree_depth_pruned_sampling,0,4,43,0.23696258485502286
2025-03-25 11:54:10.568079,molecular-splice-junction,SVC,tree_depth_pruned_sampling,0,4,44,0.2054563516100113
2025-03-25 11:54:26.128336,molecular-splice-junction,SVC,tree_depth_pruned_sampling,0,4,45,0.17600093929787486
2025-03-25 11:54:41.056933,molecular-splice-junction,SVC,tree_depth_pruned_sampling,0,4,46,0.14357344493357294
2025-03-25 11:54:55.530832,molecular-splice-junction,SVC,tree_depth_pruned_sampling,0,4,47,0.20236860723181138
2025-03-25 11:55:11.407753,molecular-splice-junction,SVC,tree_depth_pruned_sampling,0,4,48,0.25299851502113246
2025-03-25 11:55:28.094095,molecular-splice-junction,SVC,tree_depth_pruned_sampling,0,4,49,0.28816766940654737
2025-03-25 11:55:45.324040,molecular-splice-junction,SVC,tree_depth_pruned_sampling,0,4,50,0.347972599712739
2025-03-25 11:56:03.520445,molecular-splice-junction,SVC,tree_depth_pruned_sampling,0,4,51,0.3820022374416764
2025-03-25 11:56:21.942466,molecular-splice-junction,SVC,tree_depth_pruned_sampling,0,4,52,0.4061406743230239
2025-03-25 11:56:40.710656,molecular-splice-junction,SVC,tree_depth_pruned_sampling,0,4,53,0.42251226372190154
2025-03-25 11:57:01.023566,molecular-splice-junction,SVC,tree_depth_pruned_sampling,0,4,54,0.4448867368824039
2025-03-25 11:57:21.808799,molecular-splice-junction,SVC,tree_depth_pruned_sampling,0,4,55,0.4565799201857432
2025-03-25 11:57:42.395087,molecular-splice-junction,SVC,tree_depth_pruned_sampling,0,4,56,0.4612842283925609
2025-03-25 11:58:03.113407,molecular-splice-junction,SVC,tree_depth_pruned_sampling,0,4,57,0.44830977258758453
2025-03-25 11:58:23.924342,molecular-splice-junction,SVC,tree_depth_pruned_sampling,0,4,58,0.4433210641569212
2025-03-25 11:58:44.792368,molecular-splice-junction,SVC,tree_depth_pruned_sampling,0,4,59,0.45262638057093585
2025-03-25 11:59:05.587042,molecular-splice-junction,SVC,tree_depth_pruned_sampling,0,4,60,0.44728615013748163
2025-03-25 11:59:26.064522,molecular-splice-junction,SVC,tree_depth_pruned_sampling,0,4,61,0.4574762420305546
2025-03-25 11:59:47.237053,molecular-splice-junction,SVC,tree_depth_pruned_sampling,0,4,62,0.4574762420305546
2025-03-25 12:00:08.459843,molecular-splice-junction,SVC,tree_depth_pruned_sampling,0,4,63,0.4576329939791105
2025-03-25 12:00:30.319583,molecular-splice-junction,SVC,tree_depth_pruned_sampling,0,4,64,0.45153327520355657
2025-03-25 12:00:51.693536,molecular-splice-junction,SVC,tree_depth_pruned_sampling,0,4,65,0.43735090079289285
2025-03-25 12:01:12.783525,molecular-splice-junction,SVC,tree_depth_pruned_sampling,0,4,66,0.43203751886666475
2025-03-25 12:01:34.732664,molecular-splice-junction,SVC,tree_depth_pruned_sampling,0,4,67,0.430157753074797
2025-03-25 12:01:56.947084,molecular-splice-junction,SVC,tree_depth_pruned_sampling,0,4,68,0.42163451116410144
2025-03-25 12:02:19.293478,molecular-splice-junction,SVC,tree_depth_pruned_sampling,0,4,69,0.4190507215944549
2025-03-25 12:02:41.511132,molecular-splice-junction,SVC,tree_depth_pruned_sampling,0,4,70,0.38922622609098456
2025-03-25 12:03:04.005757,molecular-splice-junction,SVC,tree_depth_pruned_sampling,0,4,71,0.3709112836246554
2025-03-25 12:03:26.812510,molecular-splice-junction,SVC,tree_depth_pruned_sampling,0,4,72,0.3424080484881077
2025-03-25 12:03:49.886593,molecular-splice-junction,SVC,tree_depth_pruned_sampling,0,4,73,0.30296486667815425
2025-03-25 12:04:12.945653,molecular-splice-junction,SVC,tree_depth_pruned_sampling,0,4,74,0.2690629649778252
2025-03-25 12:04:35.694569,molecular-splice-junction,SVC,tree_depth_pruned_sampling,0,4,75,0.2690629649778252
2025-03-25 12:04:58.643817,molecular-splice-junction,SVC,tree_depth_pruned_sampling,0,4,76,0.2690629649778252
2025-03-25 12:05:21.801430,molecular-splice-junction,SVC,tree_depth_pruned_sampling,0,4,77,0.2690629649778252
2025-03-25 12:05:44.488107,molecular-splice-junction,SVC,tree_depth_pruned_sampling,0,4,78,0.2832983484494437
2025-03-25 12:06:07.560009,molecular-splice-junction,SVC,tree_depth_pruned_sampling,0,4,79,0.2883435582822086
2025-03-25 12:06:31.052409,molecular-splice-junction,SVC,tree_depth_pruned_sampling,0,4,80,0.30115211676315534
2025-03-25 12:06:54.682943,molecular-splice-junction,SVC,tree_depth_pruned_sampling,0,4,81,0.33090783713020455
2025-03-25 12:07:18.311978,molecular-splice-junction,SVC,tree_depth_pruned_sampling,0,4,82,0.33319685378730735
2025-03-25 12:07:41.676144,molecular-splice-junction,SVC,tree_depth_pruned_sampling,0,4,83,0.36066633622826105
2025-03-25 12:08:05.612498,molecular-splice-junction,SVC,tree_depth_pruned_sampling,0,4,84,0.3881359889369803
2025-03-25 12:08:30.462874,molecular-splice-junction,SVC,tree_depth_pruned_sampling,0,4,85,0.4068269358480543
2025-03-25 12:08:55.290297,molecular-splice-junction,SVC,tree_depth_pruned_sampling,0,4,86,0.42202074672453116
2025-03-25 12:09:19.923092,molecular-splice-junction,SVC,tree_depth_pruned_sampling,0,4,87,0.44291240664331033
2025-03-25 12:09:44.985237,molecular-splice-junction,SVC,tree_depth_pruned_sampling,0,4,88,0.4451935670882271
2025-03-25 12:10:10.130776,molecular-splice-junction,SVC,tree_depth_pruned_sampling,0,4,89,0.45340444215982356
2025-03-25 12:10:35.362933,molecular-splice-junction,SVC,tree_depth_pruned_sampling,0,4,90,0.45340249095965124
2025-03-25 12:11:00.780498,molecular-splice-junction,SVC,tree_depth_pruned_sampling,0,4,91,0.4560139847665935
2025-03-25 12:11:26.154437,molecular-splice-junction,SVC,tree_depth_pruned_sampling,0,4,92,0.46317358224174443
2025-03-25 12:11:53.408300,molecular-splice-junction,SVC,tree_depth_pruned_sampling,0,4,93,0.47098597163009503
2025-03-25 12:12:19.056075,molecular-splice-junction,SVC,tree_depth_pruned_sampling,0,4,94,0.4781111850084112
2025-03-25 12:12:45.328184,molecular-splice-junction,SVC,tree_depth_pruned_sampling,0,4,95,0.48846103359338144
2025-03-25 12:13:11.880999,molecular-splice-junction,SVC,tree_depth_pruned_sampling,0,4,96,0.48910990720301606
2025-03-25 12:13:37.921799,molecular-splice-junction,SVC,tree_depth_pruned_sampling,0,4,97,0.49908046627433233
2025-03-25 12:14:04.181976,molecular-splice-junction,SVC,tree_depth_pruned_sampling,0,4,98,0.5019516003122559
2025-03-25 12:14:30.861608,molecular-splice-junction,SVC,tree_depth_pruned_sampling,0,4,99,0.49035795222611656
2025-03-25 12:14:58.135369,molecular-splice-junction,SVC,tree_depth_pruned_sampling,0,4,100,0.4431183536072222
