time,dataset,classifier,method,run,fold,query,kappa
2025-03-25 15:09:57.222608,monks3,SVC,local_set_cardinality_sampling,0,0,0,0.25858778625954193
2025-03-25 15:09:57.474406,monks3,SVC,local_set_cardinality_sampling,0,0,1,0.09925093632958792
2025-03-25 15:09:57.728154,monks3,SVC,local_set_cardinality_sampling,0,0,2,0.0
2025-03-25 15:09:57.979490,monks3,SVC,local_set_cardinality_sampling,0,0,3,0.2162246979444531
2025-03-25 15:09:58.229663,monks3,SVC,local_set_cardinality_sampling,0,0,4,0.2994635531713473
2025-03-25 15:09:58.479451,monks3,SVC,local_set_cardinality_sampling,0,0,5,0.2330402010050251
2025-03-25 15:09:58.734959,monks3,SVC,local_set_cardinality_sampling,0,0,6,0.19565217391304357
2025-03-25 15:09:58.985355,monks3,SVC,local_set_cardinality_sampling,0,0,7,0.2836455218007241
2025-03-25 15:09:59.233049,monks3,SVC,local_set_cardinality_sampling,0,0,8,0.2644367308299147
2025-03-25 15:09:59.483701,monks3,SVC,local_set_cardinality_sampling,0,0,9,0.2950142902508732
2025-03-25 15:09:59.731812,monks3,SVC,local_set_cardinality_sampling,0,0,10,0.2983565107458912
2025-03-25 15:09:59.977584,monks3,SVC,local_set_cardinality_sampling,0,0,11,0.38362684435982874
2025-03-25 15:10:00.224219,monks3,SVC,local_set_cardinality_sampling,0,0,12,0.2994635531713473
2025-03-25 15:10:00.470135,monks3,SVC,local_set_cardinality_sampling,0,0,13,0.2825161595459562
2025-03-25 15:10:00.712255,monks3,SVC,local_set_cardinality_sampling,0,0,14,0.36752136752136755
2025-03-25 15:10:00.955259,monks3,SVC,local_set_cardinality_sampling,0,0,15,0.34840552118039037
2025-03-25 15:10:01.200044,monks3,SVC,local_set_cardinality_sampling,0,0,16,0.3249039692701664
2025-03-25 15:10:01.443456,monks3,SVC,local_set_cardinality_sampling,0,0,17,0.372678830938156
2025-03-25 15:10:01.686787,monks3,SVC,local_set_cardinality_sampling,0,0,18,0.3969319271332693
2025-03-25 15:10:01.930275,monks3,SVC,local_set_cardinality_sampling,0,0,19,0.4835552703353121
2025-03-25 15:10:02.174187,monks3,SVC,local_set_cardinality_sampling,0,0,20,0.5199423354156656
2025-03-25 15:10:02.417287,monks3,SVC,local_set_cardinality_sampling,0,0,21,0.5380921895006402
2025-03-25 15:10:02.658419,monks3,SVC,local_set_cardinality_sampling,0,0,22,0.4479383924274025
2025-03-25 15:10:02.896071,monks3,SVC,local_set_cardinality_sampling,0,0,23,0.5152838427947598
2025-03-25 15:10:03.136886,monks3,SVC,local_set_cardinality_sampling,0,0,24,0.5343659244917716
2025-03-25 15:10:03.376722,monks3,SVC,local_set_cardinality_sampling,0,0,25,0.5555021624219125
2025-03-25 15:10:03.614013,monks3,SVC,local_set_cardinality_sampling,0,0,26,0.5736235595390524
2025-03-25 15:10:03.852333,monks3,SVC,local_set_cardinality_sampling,0,0,27,0.5049378783051928
2025-03-25 15:10:04.089625,monks3,SVC,local_set_cardinality_sampling,0,0,28,0.5569216030656235
2025-03-25 15:10:04.333890,monks3,SVC,local_set_cardinality_sampling,0,0,29,0.5743048897411314
2025-03-25 15:10:04.571000,monks3,SVC,local_set_cardinality_sampling,0,0,30,0.5917159763313609
2025-03-25 15:10:04.806066,monks3,SVC,local_set_cardinality_sampling,0,0,31,0.6085283744789997
2025-03-25 15:10:05.043200,monks3,SVC,local_set_cardinality_sampling,0,0,32,0.6085283744789997
2025-03-25 15:10:05.277739,monks3,SVC,local_set_cardinality_sampling,0,0,33,0.5897477101076651
2025-03-25 15:10:05.511848,monks3,SVC,local_set_cardinality_sampling,0,0,34,0.5904059040590406
2025-03-25 15:10:05.744407,monks3,SVC,local_set_cardinality_sampling,0,0,35,0.6060019361084221
2025-03-25 15:10:05.976101,monks3,SVC,local_set_cardinality_sampling,0,0,36,0.5504616879961122
2025-03-25 15:10:06.207997,monks3,SVC,local_set_cardinality_sampling,0,0,37,0.5504616879961122
2025-03-25 15:10:06.439680,monks3,SVC,local_set_cardinality_sampling,0,0,38,0.49364613880742914
2025-03-25 15:10:06.669191,monks3,SVC,local_set_cardinality_sampling,0,0,39,0.5631354542472942
2025-03-25 15:10:06.898608,monks3,SVC,local_set_cardinality_sampling,0,0,40,0.5988830486202366
2025-03-25 15:10:07.126728,monks3,SVC,local_set_cardinality_sampling,0,0,41,0.5988830486202366
2025-03-25 15:10:07.355567,monks3,SVC,local_set_cardinality_sampling,0,0,42,0.5789213260762
2025-03-25 15:10:07.583606,monks3,SVC,local_set_cardinality_sampling,0,0,43,0.6555609995100441
2025-03-25 15:10:07.811249,monks3,SVC,local_set_cardinality_sampling,0,0,44,0.6744868035190617
2025-03-25 15:10:08.039349,monks3,SVC,local_set_cardinality_sampling,0,0,45,0.7476453393959077
2025-03-25 15:10:08.266005,monks3,SVC,local_set_cardinality_sampling,0,0,46,0.7106549364613881
2025-03-25 15:10:08.492096,monks3,SVC,local_set_cardinality_sampling,0,0,47,0.7480544747081712
2025-03-25 15:10:08.718739,monks3,SVC,local_set_cardinality_sampling,0,0,48,0.7480544747081712
2025-03-25 15:10:08.943219,monks3,SVC,local_set_cardinality_sampling,0,0,49,0.7662400777579783
2025-03-25 15:10:09.167429,monks3,SVC,local_set_cardinality_sampling,0,0,50,0.7662400777579783
2025-03-25 15:10:09.391638,monks3,SVC,local_set_cardinality_sampling,0,0,51,0.7311480704020669
2025-03-25 15:10:09.614506,monks3,SVC,local_set_cardinality_sampling,0,0,52,0.7311480704020669
2025-03-25 15:10:09.836770,monks3,SVC,local_set_cardinality_sampling,0,0,53,0.7843962447393978
2025-03-25 15:10:10.059130,monks3,SVC,local_set_cardinality_sampling,0,0,54,0.7843962447393978
2025-03-25 15:10:10.280553,monks3,SVC,local_set_cardinality_sampling,0,0,55,0.8015602145294978
2025-03-25 15:10:10.500439,monks3,SVC,local_set_cardinality_sampling,0,0,56,0.7658607820866461
2025-03-25 15:10:10.722338,monks3,SVC,local_set_cardinality_sampling,0,0,57,0.7666181465308103
2025-03-25 15:10:10.940929,monks3,SVC,local_set_cardinality_sampling,0,0,58,0.7666181465308103
2025-03-25 15:10:11.160637,monks3,SVC,local_set_cardinality_sampling,0,0,59,0.7666181465308103
2025-03-25 15:10:11.378769,monks3,SVC,local_set_cardinality_sampling,0,0,60,0.8022031427182893
2025-03-25 15:10:11.594895,monks3,SVC,local_set_cardinality_sampling,0,0,61,0.837903618367678
2025-03-25 15:10:11.813995,monks3,SVC,local_set_cardinality_sampling,0,0,62,0.8200389105058365
2025-03-25 15:10:12.031987,monks3,SVC,local_set_cardinality_sampling,0,0,63,0.8022031427182893
2025-03-25 15:10:12.247665,monks3,SVC,local_set_cardinality_sampling,0,0,64,0.8022031427182893
2025-03-25 15:10:12.464181,monks3,SVC,local_set_cardinality_sampling,0,0,65,0.819746670997077
2025-03-25 15:10:12.680073,monks3,SVC,local_set_cardinality_sampling,0,0,66,0.8914956011730205
2025-03-25 15:10:12.896382,monks3,SVC,local_set_cardinality_sampling,0,0,67,0.9458800585080449
2025-03-25 15:10:13.110611,monks3,SVC,local_set_cardinality_sampling,0,0,68,0.9458800585080449
2025-03-25 15:10:13.325250,monks3,SVC,local_set_cardinality_sampling,0,0,69,0.9458800585080449
2025-03-25 15:10:13.538268,monks3,SVC,local_set_cardinality_sampling,0,0,70,0.9458800585080449
2025-03-25 15:10:13.751889,monks3,SVC,local_set_cardinality_sampling,0,0,71,0.9458800585080449
2025-03-25 15:10:13.964167,monks3,SVC,local_set_cardinality_sampling,0,0,72,0.9458800585080449
2025-03-25 15:10:14.176454,monks3,SVC,local_set_cardinality_sampling,0,0,73,0.9458800585080449
2025-03-25 15:10:14.387536,monks3,SVC,local_set_cardinality_sampling,0,0,74,0.9458800585080449
2025-03-25 15:10:14.597630,monks3,SVC,local_set_cardinality_sampling,0,0,75,0.9458800585080449
2025-03-25 15:10:14.806922,monks3,SVC,local_set_cardinality_sampling,0,0,76,0.9458800585080449
2025-03-25 15:10:15.018609,monks3,SVC,local_set_cardinality_sampling,0,0,77,0.9458800585080449
2025-03-25 15:10:15.228882,monks3,SVC,local_set_cardinality_sampling,0,0,78,0.9458800585080449
2025-03-25 15:10:15.436559,monks3,SVC,local_set_cardinality_sampling,0,0,79,0.9458800585080449
2025-03-25 15:10:15.643886,monks3,SVC,local_set_cardinality_sampling,0,0,80,0.9458800585080449
2025-03-25 15:10:15.852936,monks3,SVC,local_set_cardinality_sampling,0,0,81,0.90994645464871
2025-03-25 15:10:16.059262,monks3,SVC,local_set_cardinality_sampling,0,0,82,0.9458800585080449
2025-03-25 15:10:16.264680,monks3,SVC,local_set_cardinality_sampling,0,0,83,0.9458800585080449
2025-03-25 15:10:16.470063,monks3,SVC,local_set_cardinality_sampling,0,0,84,0.9458800585080449
2025-03-25 15:10:16.676975,monks3,SVC,local_set_cardinality_sampling,0,0,85,0.9458800585080449
2025-03-25 15:10:16.882822,monks3,SVC,local_set_cardinality_sampling,0,0,86,0.9458800585080449
2025-03-25 15:10:17.086435,monks3,SVC,local_set_cardinality_sampling,0,0,87,0.9458800585080449
2025-03-25 15:10:17.289905,monks3,SVC,local_set_cardinality_sampling,0,0,88,0.9458800585080449
2025-03-25 15:10:17.493613,monks3,SVC,local_set_cardinality_sampling,0,0,89,0.9458800585080449
2025-03-25 15:10:17.695209,monks3,SVC,local_set_cardinality_sampling,0,0,90,0.9278986683988308
2025-03-25 15:10:17.897505,monks3,SVC,local_set_cardinality_sampling,0,0,91,0.9458800585080449
2025-03-25 15:10:18.100113,monks3,SVC,local_set_cardinality_sampling,0,0,92,0.9458800585080449
2025-03-25 15:10:18.302250,monks3,SVC,local_set_cardinality_sampling,0,0,93,0.9458800585080449
2025-03-25 15:10:18.503478,monks3,SVC,local_set_cardinality_sampling,0,0,94,0.9458800585080449
2025-03-25 15:10:18.707269,monks3,SVC,local_set_cardinality_sampling,0,0,95,0.9458800585080449
2025-03-25 15:10:18.908036,monks3,SVC,local_set_cardinality_sampling,0,0,96,0.9458800585080449
2025-03-25 15:10:19.109679,monks3,SVC,local_set_cardinality_sampling,0,0,97,0.9458800585080449
2025-03-25 15:10:19.309737,monks3,SVC,local_set_cardinality_sampling,0,0,98,0.9458800585080449
2025-03-25 15:10:19.513382,monks3,SVC,local_set_cardinality_sampling,0,0,99,0.9458800585080449
2025-03-25 15:10:19.716183,monks3,SVC,local_set_cardinality_sampling,0,0,100,0.9458800585080449
2025-03-25 15:10:19.719710,monks3,SVC,local_set_cardinality_sampling,0,1,0,0.11171574903969261
2025-03-25 15:10:19.977903,monks3,SVC,local_set_cardinality_sampling,0,1,1,0.15809876959379732
2025-03-25 15:10:20.236170,monks3,SVC,local_set_cardinality_sampling,0,1,2,0.01970108695652173
2025-03-25 15:10:20.493091,monks3,SVC,local_set_cardinality_sampling,0,1,3,0.0
2025-03-25 15:10:20.752753,monks3,SVC,local_set_cardinality_sampling,0,1,4,0.0
2025-03-25 15:10:21.008890,monks3,SVC,local_set_cardinality_sampling,0,1,5,0.0
2025-03-25 15:10:21.262873,monks3,SVC,local_set_cardinality_sampling,0,1,6,0.039368742575937477
2025-03-25 15:10:21.516141,monks3,SVC,local_set_cardinality_sampling,0,1,7,0.0
2025-03-25 15:10:21.769916,monks3,SVC,local_set_cardinality_sampling,0,1,8,0.0
2025-03-25 15:10:22.022943,monks3,SVC,local_set_cardinality_sampling,0,1,9,0.0
2025-03-25 15:10:22.276754,monks3,SVC,local_set_cardinality_sampling,0,1,10,0.05900305188199384
2025-03-25 15:10:22.529369,monks3,SVC,local_set_cardinality_sampling,0,1,11,0.0
2025-03-25 15:10:22.782582,monks3,SVC,local_set_cardinality_sampling,0,1,12,0.0
2025-03-25 15:10:23.035499,monks3,SVC,local_set_cardinality_sampling,0,1,13,0.0
2025-03-25 15:10:23.287255,monks3,SVC,local_set_cardinality_sampling,0,1,14,0.0
2025-03-25 15:10:23.536537,monks3,SVC,local_set_cardinality_sampling,0,1,15,0.01970108695652173
2025-03-25 15:10:23.784742,monks3,SVC,local_set_cardinality_sampling,0,1,16,0.0
2025-03-25 15:10:24.028958,monks3,SVC,local_set_cardinality_sampling,0,1,17,0.11770674784373425
2025-03-25 15:10:24.270892,monks3,SVC,local_set_cardinality_sampling,0,1,18,0.19956397786349156
2025-03-25 15:10:24.511957,monks3,SVC,local_set_cardinality_sampling,0,1,19,0.3169798769333111
2025-03-25 15:10:24.753490,monks3,SVC,local_set_cardinality_sampling,0,1,20,0.2955911823647295
2025-03-25 15:10:24.994327,monks3,SVC,local_set_cardinality_sampling,0,1,21,0.3495730788548468
2025-03-25 15:10:25.236245,monks3,SVC,local_set_cardinality_sampling,0,1,22,0.4068136272545091
2025-03-25 15:10:25.482841,monks3,SVC,local_set_cardinality_sampling,0,1,23,0.3495730788548468
2025-03-25 15:10:25.727301,monks3,SVC,local_set_cardinality_sampling,0,1,24,0.3495730788548468
2025-03-25 15:10:25.971608,monks3,SVC,local_set_cardinality_sampling,0,1,25,0.19551660205629529
2025-03-25 15:10:26.213707,monks3,SVC,local_set_cardinality_sampling,0,1,26,0.44940476190476186
2025-03-25 15:10:26.456038,monks3,SVC,local_set_cardinality_sampling,0,1,27,0.5988830486202366
2025-03-25 15:10:26.705499,monks3,SVC,local_set_cardinality_sampling,0,1,28,0.5988830486202366
2025-03-25 15:10:26.946953,monks3,SVC,local_set_cardinality_sampling,0,1,29,0.4484928784365684
2025-03-25 15:10:27.186809,monks3,SVC,local_set_cardinality_sampling,0,1,30,0.31470048389788086
2025-03-25 15:10:27.425934,monks3,SVC,local_set_cardinality_sampling,0,1,31,0.48611111111111105
2025-03-25 15:10:27.666505,monks3,SVC,local_set_cardinality_sampling,0,1,32,0.6371363190585159
2025-03-25 15:10:27.904451,monks3,SVC,local_set_cardinality_sampling,0,1,33,0.6566824027348201
2025-03-25 15:10:28.142408,monks3,SVC,local_set_cardinality_sampling,0,1,34,0.7666181465308103
2025-03-25 15:10:28.381103,monks3,SVC,local_set_cardinality_sampling,0,1,35,0.7662400777579783
2025-03-25 15:10:28.618805,monks3,SVC,local_set_cardinality_sampling,0,1,36,0.7850919651500484
2025-03-25 15:10:28.856425,monks3,SVC,local_set_cardinality_sampling,0,1,37,0.8209099709583737
2025-03-25 15:10:29.092789,monks3,SVC,local_set_cardinality_sampling,0,1,38,0.7854381443298969
2025-03-25 15:10:29.325983,monks3,SVC,local_set_cardinality_sampling,0,1,39,0.802841918294849
2025-03-25 15:10:29.561133,monks3,SVC,local_set_cardinality_sampling,0,1,40,0.802841918294849
2025-03-25 15:10:29.797769,monks3,SVC,local_set_cardinality_sampling,0,1,41,0.802841918294849
2025-03-25 15:10:30.031923,monks3,SVC,local_set_cardinality_sampling,0,1,42,0.802841918294849
2025-03-25 15:10:30.265235,monks3,SVC,local_set_cardinality_sampling,0,1,43,0.802841918294849
2025-03-25 15:10:30.500087,monks3,SVC,local_set_cardinality_sampling,0,1,44,0.802841918294849
2025-03-25 15:10:30.734260,monks3,SVC,local_set_cardinality_sampling,0,1,45,0.802841918294849
2025-03-25 15:10:30.967699,monks3,SVC,local_set_cardinality_sampling,0,1,46,0.802841918294849
2025-03-25 15:10:31.196982,monks3,SVC,local_set_cardinality_sampling,0,1,47,0.802841918294849
2025-03-25 15:10:31.428114,monks3,SVC,local_set_cardinality_sampling,0,1,48,0.802841918294849
2025-03-25 15:10:31.658706,monks3,SVC,local_set_cardinality_sampling,0,1,49,0.8209099709583737
2025-03-25 15:10:31.885612,monks3,SVC,local_set_cardinality_sampling,0,1,50,0.8209099709583737
2025-03-25 15:10:32.108864,monks3,SVC,local_set_cardinality_sampling,0,1,51,0.8209099709583737
2025-03-25 15:10:32.333416,monks3,SVC,local_set_cardinality_sampling,0,1,52,0.8209099709583737
2025-03-25 15:10:32.553172,monks3,SVC,local_set_cardinality_sampling,0,1,53,0.8209099709583737
2025-03-25 15:10:32.775891,monks3,SVC,local_set_cardinality_sampling,0,1,54,0.8209099709583737
2025-03-25 15:10:32.995784,monks3,SVC,local_set_cardinality_sampling,0,1,55,0.8209099709583737
2025-03-25 15:10:33.217289,monks3,SVC,local_set_cardinality_sampling,0,1,56,0.7847446670976083
2025-03-25 15:10:33.438264,monks3,SVC,local_set_cardinality_sampling,0,1,57,0.7847446670976083
2025-03-25 15:10:33.659539,monks3,SVC,local_set_cardinality_sampling,0,1,58,0.8386888422412402
2025-03-25 15:10:33.879352,monks3,SVC,local_set_cardinality_sampling,0,1,59,0.8386888422412402
2025-03-25 15:10:34.099904,monks3,SVC,local_set_cardinality_sampling,0,1,60,0.8386888422412402
2025-03-25 15:10:34.319142,monks3,SVC,local_set_cardinality_sampling,0,1,61,0.8386888422412402
2025-03-25 15:10:34.537614,monks3,SVC,local_set_cardinality_sampling,0,1,62,0.8386888422412402
2025-03-25 15:10:34.757215,monks3,SVC,local_set_cardinality_sampling,0,1,63,0.8209099709583737
2025-03-25 15:10:34.973643,monks3,SVC,local_set_cardinality_sampling,0,1,64,0.8209099709583737
2025-03-25 15:10:35.189771,monks3,SVC,local_set_cardinality_sampling,0,1,65,0.8209099709583737
2025-03-25 15:10:35.410600,monks3,SVC,local_set_cardinality_sampling,0,1,66,0.802841918294849
2025-03-25 15:10:35.630229,monks3,SVC,local_set_cardinality_sampling,0,1,67,0.802841918294849
2025-03-25 15:10:35.848828,monks3,SVC,local_set_cardinality_sampling,0,1,68,0.8022031427182893
2025-03-25 15:10:36.069629,monks3,SVC,local_set_cardinality_sampling,0,1,69,0.8203302039494982
2025-03-25 15:10:36.285054,monks3,SVC,local_set_cardinality_sampling,0,1,70,0.837903618367678
2025-03-25 15:10:36.502871,monks3,SVC,local_set_cardinality_sampling,0,1,71,0.8206205559146735
2025-03-25 15:10:36.728426,monks3,SVC,local_set_cardinality_sampling,0,1,72,0.8209099709583737
2025-03-25 15:10:36.941853,monks3,SVC,local_set_cardinality_sampling,0,1,73,0.8209099709583737
2025-03-25 15:10:37.151923,monks3,SVC,local_set_cardinality_sampling,0,1,74,0.8209099709583737
2025-03-25 15:10:37.362591,monks3,SVC,local_set_cardinality_sampling,0,1,75,0.8206205559146735
2025-03-25 15:10:37.571528,monks3,SVC,local_set_cardinality_sampling,0,1,76,0.8206205559146735
2025-03-25 15:10:37.780401,monks3,SVC,local_set_cardinality_sampling,0,1,77,0.8206205559146735
2025-03-25 15:10:37.990849,monks3,SVC,local_set_cardinality_sampling,0,1,78,0.8206205559146735
2025-03-25 15:10:38.200229,monks3,SVC,local_set_cardinality_sampling,0,1,79,0.8206205559146735
2025-03-25 15:10:38.406653,monks3,SVC,local_set_cardinality_sampling,0,1,80,0.8206205559146735
2025-03-25 15:10:38.612180,monks3,SVC,local_set_cardinality_sampling,0,1,81,0.8206205559146735
2025-03-25 15:10:38.819935,monks3,SVC,local_set_cardinality_sampling,0,1,82,0.8206205559146735
2025-03-25 15:10:39.027283,monks3,SVC,local_set_cardinality_sampling,0,1,83,0.8206205559146735
2025-03-25 15:10:39.233805,monks3,SVC,local_set_cardinality_sampling,0,1,84,0.8206205559146735
2025-03-25 15:10:39.438294,monks3,SVC,local_set_cardinality_sampling,0,1,85,0.8206205559146735
2025-03-25 15:10:39.643243,monks3,SVC,local_set_cardinality_sampling,0,1,86,0.8206205559146735
2025-03-25 15:10:39.848124,monks3,SVC,local_set_cardinality_sampling,0,1,87,0.8206205559146735
2025-03-25 15:10:40.053211,monks3,SVC,local_set_cardinality_sampling,0,1,88,0.8206205559146735
2025-03-25 15:10:40.255680,monks3,SVC,local_set_cardinality_sampling,0,1,89,0.8206205559146735
2025-03-25 15:10:40.457364,monks3,SVC,local_set_cardinality_sampling,0,1,90,0.8206205559146735
2025-03-25 15:10:40.658704,monks3,SVC,local_set_cardinality_sampling,0,1,91,0.8206205559146735
2025-03-25 15:10:40.858009,monks3,SVC,local_set_cardinality_sampling,0,1,92,0.8206205559146735
2025-03-25 15:10:41.057512,monks3,SVC,local_set_cardinality_sampling,0,1,93,0.8206205559146735
2025-03-25 15:10:41.256748,monks3,SVC,local_set_cardinality_sampling,0,1,94,0.8206205559146735
2025-03-25 15:10:41.456033,monks3,SVC,local_set_cardinality_sampling,0,1,95,0.8384279475982532
2025-03-25 15:10:41.653913,monks3,SVC,local_set_cardinality_sampling,0,1,96,0.8384279475982532
2025-03-25 15:10:41.851025,monks3,SVC,local_set_cardinality_sampling,0,1,97,0.8384279475982532
2025-03-25 15:10:42.047525,monks3,SVC,local_set_cardinality_sampling,0,1,98,0.8741292726389114
2025-03-25 15:10:42.243693,monks3,SVC,local_set_cardinality_sampling,0,1,99,0.8741292726389114
2025-03-25 15:10:42.440776,monks3,SVC,local_set_cardinality_sampling,0,1,100,0.8741292726389114
2025-03-25 15:10:42.444372,monks3,SVC,local_set_cardinality_sampling,0,2,0,0.06606419445310052
2025-03-25 15:10:42.696883,monks3,SVC,local_set_cardinality_sampling,0,2,1,0.5351159793814433
2025-03-25 15:10:42.947673,monks3,SVC,local_set_cardinality_sampling,0,2,2,0.4655487298688362
2025-03-25 15:10:43.195871,monks3,SVC,local_set_cardinality_sampling,0,2,3,0.5877603746165025
2025-03-25 15:10:43.444793,monks3,SVC,local_set_cardinality_sampling,0,2,4,0.5033557046979865
2025-03-25 15:10:43.694739,monks3,SVC,local_set_cardinality_sampling,0,2,5,0.41792467821388835
2025-03-25 15:10:43.940929,monks3,SVC,local_set_cardinality_sampling,0,2,6,0.5207100591715976
2025-03-25 15:10:44.188827,monks3,SVC,local_set_cardinality_sampling,0,2,7,0.5214753313108734
2025-03-25 15:10:44.436505,monks3,SVC,local_set_cardinality_sampling,0,2,8,0.5555021624219125
2025-03-25 15:10:44.683081,monks3,SVC,local_set_cardinality_sampling,0,2,9,0.6406604078989964
2025-03-25 15:10:44.929982,monks3,SVC,local_set_cardinality_sampling,0,2,10,0.625421822272216
2025-03-25 15:10:45.173844,monks3,SVC,local_set_cardinality_sampling,0,2,11,0.7480544747081712
2025-03-25 15:10:45.421279,monks3,SVC,local_set_cardinality_sampling,0,2,12,0.7097090552468127
2025-03-25 15:10:45.666093,monks3,SVC,local_set_cardinality_sampling,0,2,13,0.6771170006464124
2025-03-25 15:10:45.909322,monks3,SVC,local_set_cardinality_sampling,0,2,14,0.6260227819669502
2025-03-25 15:10:46.154002,monks3,SVC,local_set_cardinality_sampling,0,2,15,0.7129928894634776
2025-03-25 15:10:46.396554,monks3,SVC,local_set_cardinality_sampling,0,2,16,0.6260227819669502
2025-03-25 15:10:46.638018,monks3,SVC,local_set_cardinality_sampling,0,2,17,0.6953011464556758
2025-03-25 15:10:46.879691,monks3,SVC,local_set_cardinality_sampling,0,2,18,0.6435452793834298
2025-03-25 15:10:47.121255,monks3,SVC,local_set_cardinality_sampling,0,2,19,0.7492739593417231
2025-03-25 15:10:47.362518,monks3,SVC,local_set_cardinality_sampling,0,2,20,0.7139175257731958
2025-03-25 15:10:47.601725,monks3,SVC,local_set_cardinality_sampling,0,2,21,0.6786748150530717
2025-03-25 15:10:47.842319,monks3,SVC,local_set_cardinality_sampling,0,2,22,0.7315814928260519
2025-03-25 15:10:48.081226,monks3,SVC,local_set_cardinality_sampling,0,2,23,0.7315814928260519
2025-03-25 15:10:48.320788,monks3,SVC,local_set_cardinality_sampling,0,2,24,0.748868778280543
2025-03-25 15:10:48.557041,monks3,SVC,local_set_cardinality_sampling,0,2,25,0.6957923585361921
2025-03-25 15:10:48.795095,monks3,SVC,local_set_cardinality_sampling,0,2,26,0.7298393639461301
2025-03-25 15:10:49.031626,monks3,SVC,local_set_cardinality_sampling,0,2,27,0.6933203315455876
2025-03-25 15:10:49.266109,monks3,SVC,local_set_cardinality_sampling,0,2,28,0.6199249959236915
2025-03-25 15:10:49.501880,monks3,SVC,local_set_cardinality_sampling,0,2,29,0.5857536913840662
2025-03-25 15:10:49.737186,monks3,SVC,local_set_cardinality_sampling,0,2,30,0.6600032242463324
2025-03-25 15:10:49.971917,monks3,SVC,local_set_cardinality_sampling,0,2,31,0.6248189280540801
2025-03-25 15:10:50.204900,monks3,SVC,local_set_cardinality_sampling,0,2,32,0.6423969072164948
2025-03-25 15:10:50.436973,monks3,SVC,local_set_cardinality_sampling,0,2,33,0.6072692183981987
2025-03-25 15:10:50.668745,monks3,SVC,local_set_cardinality_sampling,0,2,34,0.6260227819669502
2025-03-25 15:10:50.899813,monks3,SVC,local_set_cardinality_sampling,0,2,35,0.6423969072164948
2025-03-25 15:10:51.132681,monks3,SVC,local_set_cardinality_sampling,0,2,36,0.6610959344367668
2025-03-25 15:10:51.362241,monks3,SVC,local_set_cardinality_sampling,0,2,37,0.6085283744789997
2025-03-25 15:10:51.594086,monks3,SVC,local_set_cardinality_sampling,0,2,38,0.6786748150530717
2025-03-25 15:10:51.824681,monks3,SVC,local_set_cardinality_sampling,0,2,39,0.6260227819669502
2025-03-25 15:10:52.054144,monks3,SVC,local_set_cardinality_sampling,0,2,40,0.6260227819669502
2025-03-25 15:10:52.283367,monks3,SVC,local_set_cardinality_sampling,0,2,41,0.7311480704020669
2025-03-25 15:10:52.512495,monks3,SVC,local_set_cardinality_sampling,0,2,42,0.7311480704020669
2025-03-25 15:10:52.741062,monks3,SVC,local_set_cardinality_sampling,0,2,43,0.7840466926070039
2025-03-25 15:10:52.971587,monks3,SVC,local_set_cardinality_sampling,0,2,44,0.7840466926070039
2025-03-25 15:10:53.198615,monks3,SVC,local_set_cardinality_sampling,0,2,45,0.7280744732974032
2025-03-25 15:10:53.425728,monks3,SVC,local_set_cardinality_sampling,0,2,46,0.8018822002271621
2025-03-25 15:10:53.653454,monks3,SVC,local_set_cardinality_sampling,0,2,47,0.8555627846454131
2025-03-25 15:10:53.881130,monks3,SVC,local_set_cardinality_sampling,0,2,48,0.8560311284046692
2025-03-25 15:10:54.106145,monks3,SVC,local_set_cardinality_sampling,0,2,49,0.8381662076786004
2025-03-25 15:10:54.331876,monks3,SVC,local_set_cardinality_sampling,0,2,50,0.8557973367976616
2025-03-25 15:10:54.555801,monks3,SVC,local_set_cardinality_sampling,0,2,51,0.8557973367976616
2025-03-25 15:10:54.781488,monks3,SVC,local_set_cardinality_sampling,0,2,52,0.8557973367976616
2025-03-25 15:10:55.003588,monks3,SVC,local_set_cardinality_sampling,0,2,53,0.8557973367976616
2025-03-25 15:10:55.226675,monks3,SVC,local_set_cardinality_sampling,0,2,54,0.8560311284046692
2025-03-25 15:10:55.450771,monks3,SVC,local_set_cardinality_sampling,0,2,55,0.8739250365081941
2025-03-25 15:10:55.670245,monks3,SVC,local_set_cardinality_sampling,0,2,56,0.8560311284046692
2025-03-25 15:10:55.890956,monks3,SVC,local_set_cardinality_sampling,0,2,57,0.8739250365081941
2025-03-25 15:10:56.110357,monks3,SVC,local_set_cardinality_sampling,0,2,58,0.8739250365081941
2025-03-25 15:10:56.330765,monks3,SVC,local_set_cardinality_sampling,0,2,59,0.8739250365081941
2025-03-25 15:10:56.549636,monks3,SVC,local_set_cardinality_sampling,0,2,60,0.9098000975134081
2025-03-25 15:10:56.766938,monks3,SVC,local_set_cardinality_sampling,0,2,61,0.9098000975134081
2025-03-25 15:10:56.983781,monks3,SVC,local_set_cardinality_sampling,0,2,62,0.9098000975134081
2025-03-25 15:10:57.198491,monks3,SVC,local_set_cardinality_sampling,0,2,63,0.9098000975134081
2025-03-25 15:10:57.414118,monks3,SVC,local_set_cardinality_sampling,0,2,64,0.9098000975134081
2025-03-25 15:10:57.627959,monks3,SVC,local_set_cardinality_sampling,0,2,65,0.9098000975134081
2025-03-25 15:10:57.845669,monks3,SVC,local_set_cardinality_sampling,0,2,66,0.9457919583265505
2025-03-25 15:10:58.060453,monks3,SVC,local_set_cardinality_sampling,0,2,67,0.9098000975134081
2025-03-25 15:10:58.274640,monks3,SVC,local_set_cardinality_sampling,0,2,68,0.9098000975134081
2025-03-25 15:10:58.488250,monks3,SVC,local_set_cardinality_sampling,0,2,69,0.9098000975134081
2025-03-25 15:10:58.702414,monks3,SVC,local_set_cardinality_sampling,0,2,70,0.9457919583265505
2025-03-25 15:10:58.914805,monks3,SVC,local_set_cardinality_sampling,0,2,71,0.9457919583265505
2025-03-25 15:10:59.126837,monks3,SVC,local_set_cardinality_sampling,0,2,72,0.9457919583265505
2025-03-25 15:10:59.336253,monks3,SVC,local_set_cardinality_sampling,0,2,73,0.927663734115347
2025-03-25 15:10:59.545871,monks3,SVC,local_set_cardinality_sampling,0,2,74,0.9095059514104027
2025-03-25 15:10:59.756660,monks3,SVC,local_set_cardinality_sampling,0,2,75,0.9457919583265505
2025-03-25 15:10:59.967475,monks3,SVC,local_set_cardinality_sampling,0,2,76,0.8913185378590078
2025-03-25 15:11:00.176826,monks3,SVC,local_set_cardinality_sampling,0,2,77,0.8913185378590078
2025-03-25 15:11:00.385898,monks3,SVC,local_set_cardinality_sampling,0,2,78,0.927663734115347
2025-03-25 15:11:00.594634,monks3,SVC,local_set_cardinality_sampling,0,2,79,0.927663734115347
2025-03-25 15:11:00.801410,monks3,SVC,local_set_cardinality_sampling,0,2,80,0.9457919583265505
2025-03-25 15:11:01.008115,monks3,SVC,local_set_cardinality_sampling,0,2,81,0.9457919583265505
2025-03-25 15:11:01.213188,monks3,SVC,local_set_cardinality_sampling,0,2,82,0.9457919583265505
2025-03-25 15:11:01.418809,monks3,SVC,local_set_cardinality_sampling,0,2,83,0.9457919583265505
2025-03-25 15:11:01.626463,monks3,SVC,local_set_cardinality_sampling,0,2,84,0.9457919583265505
2025-03-25 15:11:01.834006,monks3,SVC,local_set_cardinality_sampling,0,2,85,0.9457919583265505
2025-03-25 15:11:02.039642,monks3,SVC,local_set_cardinality_sampling,0,2,86,0.9457919583265505
2025-03-25 15:11:02.242859,monks3,SVC,local_set_cardinality_sampling,0,2,87,0.9457919583265505
2025-03-25 15:11:02.445708,monks3,SVC,local_set_cardinality_sampling,0,2,88,0.9457919583265505
2025-03-25 15:11:02.649595,monks3,SVC,local_set_cardinality_sampling,0,2,89,0.9457919583265505
2025-03-25 15:11:02.855219,monks3,SVC,local_set_cardinality_sampling,0,2,90,0.9457919583265505
2025-03-25 15:11:03.061690,monks3,SVC,local_set_cardinality_sampling,0,2,91,0.9457919583265505
2025-03-25 15:11:03.265005,monks3,SVC,local_set_cardinality_sampling,0,2,92,0.9457919583265505
2025-03-25 15:11:03.466723,monks3,SVC,local_set_cardinality_sampling,0,2,93,0.9457919583265505
2025-03-25 15:11:03.669110,monks3,SVC,local_set_cardinality_sampling,0,2,94,0.9457919583265505
2025-03-25 15:11:03.870993,monks3,SVC,local_set_cardinality_sampling,0,2,95,0.9277813923227065
2025-03-25 15:11:04.072093,monks3,SVC,local_set_cardinality_sampling,0,2,96,0.9277813923227065
2025-03-25 15:11:04.272136,monks3,SVC,local_set_cardinality_sampling,0,2,97,0.9277813923227065
2025-03-25 15:11:04.472237,monks3,SVC,local_set_cardinality_sampling,0,2,98,0.9277813923227065
2025-03-25 15:11:04.670220,monks3,SVC,local_set_cardinality_sampling,0,2,99,0.9457919583265505
2025-03-25 15:11:04.867224,monks3,SVC,local_set_cardinality_sampling,0,2,100,0.9457919583265505
2025-03-25 15:11:04.870513,monks3,SVC,local_set_cardinality_sampling,0,3,0,0.30188679245283023
2025-03-25 15:11:05.121547,monks3,SVC,local_set_cardinality_sampling,0,3,1,0.35214007782101164
2025-03-25 15:11:05.374019,monks3,SVC,local_set_cardinality_sampling,0,3,2,0.23693045563549164
2025-03-25 15:11:05.626741,monks3,SVC,local_set_cardinality_sampling,0,3,3,0.25216554379210776
2025-03-25 15:11:05.876104,monks3,SVC,local_set_cardinality_sampling,0,3,4,0.36982968369829683
2025-03-25 15:11:06.127066,monks3,SVC,local_set_cardinality_sampling,0,3,5,0.507639231148349
2025-03-25 15:11:06.377872,monks3,SVC,local_set_cardinality_sampling,0,3,6,0.47785888077858885
2025-03-25 15:11:06.631679,monks3,SVC,local_set_cardinality_sampling,0,3,7,0.47168882323978334
2025-03-25 15:11:06.883811,monks3,SVC,local_set_cardinality_sampling,0,3,8,0.4585365853658536
2025-03-25 15:11:07.134013,monks3,SVC,local_set_cardinality_sampling,0,3,9,0.4793789422610384
2025-03-25 15:11:07.384650,monks3,SVC,local_set_cardinality_sampling,0,3,10,0.4445520581113801
2025-03-25 15:11:07.633292,monks3,SVC,local_set_cardinality_sampling,0,3,11,0.4450895016932753
2025-03-25 15:11:07.883387,monks3,SVC,local_set_cardinality_sampling,0,3,12,0.4450895016932753
2025-03-25 15:11:08.128538,monks3,SVC,local_set_cardinality_sampling,0,3,13,0.44669561022672455
2025-03-25 15:11:08.375672,monks3,SVC,local_set_cardinality_sampling,0,3,14,0.4482924482924483
2025-03-25 15:11:08.622518,monks3,SVC,local_set_cardinality_sampling,0,3,15,0.5890873973925639
2025-03-25 15:11:08.866378,monks3,SVC,local_set_cardinality_sampling,0,3,16,0.5886901884968584
2025-03-25 15:11:09.110752,monks3,SVC,local_set_cardinality_sampling,0,3,17,0.6240928882438317
2025-03-25 15:11:09.353984,monks3,SVC,local_set_cardinality_sampling,0,3,18,0.6418199419167474
2025-03-25 15:11:09.597144,monks3,SVC,local_set_cardinality_sampling,0,3,19,0.6770126091173618
2025-03-25 15:11:09.839732,monks3,SVC,local_set_cardinality_sampling,0,3,20,0.6592341250605913
2025-03-25 15:11:10.084134,monks3,SVC,local_set_cardinality_sampling,0,3,21,0.6766990291262136
2025-03-25 15:11:10.327461,monks3,SVC,local_set_cardinality_sampling,0,3,22,0.6766990291262136
2025-03-25 15:11:10.569500,monks3,SVC,local_set_cardinality_sampling,0,3,23,0.6397273612463485
2025-03-25 15:11:10.812483,monks3,SVC,local_set_cardinality_sampling,0,3,24,0.6029268292682927
2025-03-25 15:11:11.053942,monks3,SVC,local_set_cardinality_sampling,0,3,25,0.6029268292682927
2025-03-25 15:11:11.293783,monks3,SVC,local_set_cardinality_sampling,0,3,26,0.6585721223895095
2025-03-25 15:11:11.535009,monks3,SVC,local_set_cardinality_sampling,0,3,27,0.7129000969932104
2025-03-25 15:11:11.775693,monks3,SVC,local_set_cardinality_sampling,0,3,28,0.6404275996112732
2025-03-25 15:11:12.012089,monks3,SVC,local_set_cardinality_sampling,0,3,29,0.6763848396501457
2025-03-25 15:11:12.249639,monks3,SVC,local_set_cardinality_sampling,0,3,30,0.6763848396501457
2025-03-25 15:11:12.485919,monks3,SVC,local_set_cardinality_sampling,0,3,31,0.7307132459970889
2025-03-25 15:11:12.723099,monks3,SVC,local_set_cardinality_sampling,0,3,32,0.6579075425790755
2025-03-25 15:11:12.956242,monks3,SVC,local_set_cardinality_sampling,0,3,33,0.712621359223301
2025-03-25 15:11:13.191896,monks3,SVC,local_set_cardinality_sampling,0,3,34,0.7487875848690592
2025-03-25 15:11:13.426820,monks3,SVC,local_set_cardinality_sampling,0,3,35,0.7307132459970889
2025-03-25 15:11:13.660189,monks3,SVC,local_set_cardinality_sampling,0,3,36,0.7487875848690592
2025-03-25 15:11:13.894056,monks3,SVC,local_set_cardinality_sampling,0,3,37,0.7668444013572467
2025-03-25 15:11:14.126979,monks3,SVC,local_set_cardinality_sampling,0,3,38,0.7848837209302326
2025-03-25 15:11:14.359358,monks3,SVC,local_set_cardinality_sampling,0,3,39,0.7848837209302326
2025-03-25 15:11:14.591194,monks3,SVC,local_set_cardinality_sampling,0,3,40,0.7670702179176755
2025-03-25 15:11:14.824408,monks3,SVC,local_set_cardinality_sampling,0,3,41,0.7670702179176755
2025-03-25 15:11:15.055983,monks3,SVC,local_set_cardinality_sampling,0,3,42,0.7492739593417231
2025-03-25 15:11:15.285439,monks3,SVC,local_set_cardinality_sampling,0,3,43,0.7492739593417231
2025-03-25 15:11:15.515887,monks3,SVC,local_set_cardinality_sampling,0,3,44,0.7670702179176755
2025-03-25 15:11:15.741396,monks3,SVC,local_set_cardinality_sampling,0,3,45,0.7670702179176755
2025-03-25 15:11:15.968724,monks3,SVC,local_set_cardinality_sampling,0,3,46,0.7670702179176755
2025-03-25 15:11:16.194924,monks3,SVC,local_set_cardinality_sampling,0,3,47,0.7848837209302326
2025-03-25 15:11:16.419764,monks3,SVC,local_set_cardinality_sampling,0,3,48,0.7848837209302326
2025-03-25 15:11:16.648079,monks3,SVC,local_set_cardinality_sampling,0,3,49,0.8205625606207565
2025-03-25 15:11:16.872850,monks3,SVC,local_set_cardinality_sampling,0,3,50,0.8205625606207565
2025-03-25 15:11:17.096039,monks3,SVC,local_set_cardinality_sampling,0,3,51,0.8027144934561319
2025-03-25 15:11:17.319823,monks3,SVC,local_set_cardinality_sampling,0,3,52,0.8205625606207565
2025-03-25 15:11:17.541697,monks3,SVC,local_set_cardinality_sampling,0,3,53,0.8205625606207565
2025-03-25 15:11:17.766346,monks3,SVC,local_set_cardinality_sampling,0,3,54,0.8205625606207565
2025-03-25 15:11:17.990808,monks3,SVC,local_set_cardinality_sampling,0,3,55,0.8205625606207565
2025-03-25 15:11:18.212450,monks3,SVC,local_set_cardinality_sampling,0,3,56,0.8205625606207565
2025-03-25 15:11:18.434045,monks3,SVC,local_set_cardinality_sampling,0,3,57,0.8205625606207565
2025-03-25 15:11:18.656112,monks3,SVC,local_set_cardinality_sampling,0,3,58,0.8205625606207565
2025-03-25 15:11:18.878408,monks3,SVC,local_set_cardinality_sampling,0,3,59,0.8563106796116505
2025-03-25 15:11:19.098050,monks3,SVC,local_set_cardinality_sampling,0,3,60,0.945985401459854
2025-03-25 15:11:19.317836,monks3,SVC,local_set_cardinality_sampling,0,3,61,0.9280155642023347
2025-03-25 15:11:19.533983,monks3,SVC,local_set_cardinality_sampling,0,3,62,0.945985401459854
2025-03-25 15:11:19.751824,monks3,SVC,local_set_cardinality_sampling,0,3,63,0.945985401459854
2025-03-25 15:11:19.971485,monks3,SVC,local_set_cardinality_sampling,0,3,64,0.945985401459854
2025-03-25 15:11:20.189107,monks3,SVC,local_set_cardinality_sampling,0,3,65,0.945985401459854
2025-03-25 15:11:20.403917,monks3,SVC,local_set_cardinality_sampling,0,3,66,0.945985401459854
2025-03-25 15:11:20.620689,monks3,SVC,local_set_cardinality_sampling,0,3,67,0.945985401459854
2025-03-25 15:11:20.836337,monks3,SVC,local_set_cardinality_sampling,0,3,68,0.9279454722492697
2025-03-25 15:11:21.050415,monks3,SVC,local_set_cardinality_sampling,0,3,69,0.945985401459854
2025-03-25 15:11:21.265680,monks3,SVC,local_set_cardinality_sampling,0,3,70,0.945985401459854
2025-03-25 15:11:21.481773,monks3,SVC,local_set_cardinality_sampling,0,3,71,0.945985401459854
2025-03-25 15:11:21.696317,monks3,SVC,local_set_cardinality_sampling,0,3,72,0.945985401459854
2025-03-25 15:11:21.909879,monks3,SVC,local_set_cardinality_sampling,0,3,73,0.945985401459854
2025-03-25 15:11:22.121312,monks3,SVC,local_set_cardinality_sampling,0,3,74,0.945985401459854
2025-03-25 15:11:22.331450,monks3,SVC,local_set_cardinality_sampling,0,3,75,0.945985401459854
2025-03-25 15:11:22.542557,monks3,SVC,local_set_cardinality_sampling,0,3,76,0.945985401459854
2025-03-25 15:11:22.755043,monks3,SVC,local_set_cardinality_sampling,0,3,77,0.945985401459854
2025-03-25 15:11:22.966901,monks3,SVC,local_set_cardinality_sampling,0,3,78,0.945985401459854
2025-03-25 15:11:23.175030,monks3,SVC,local_set_cardinality_sampling,0,3,79,0.945985401459854
2025-03-25 15:11:23.383774,monks3,SVC,local_set_cardinality_sampling,0,3,80,0.945985401459854
2025-03-25 15:11:23.592102,monks3,SVC,local_set_cardinality_sampling,0,3,81,0.945985401459854
2025-03-25 15:11:23.797954,monks3,SVC,local_set_cardinality_sampling,0,3,82,0.945985401459854
2025-03-25 15:11:24.004588,monks3,SVC,local_set_cardinality_sampling,0,3,83,0.945985401459854
2025-03-25 15:11:24.211212,monks3,SVC,local_set_cardinality_sampling,0,3,84,0.945985401459854
2025-03-25 15:11:24.415550,monks3,SVC,local_set_cardinality_sampling,0,3,85,0.945985401459854
2025-03-25 15:11:24.619149,monks3,SVC,local_set_cardinality_sampling,0,3,86,0.945985401459854
2025-03-25 15:11:24.823904,monks3,SVC,local_set_cardinality_sampling,0,3,87,0.945985401459854
2025-03-25 15:11:25.028564,monks3,SVC,local_set_cardinality_sampling,0,3,88,0.945985401459854
2025-03-25 15:11:25.235624,monks3,SVC,local_set_cardinality_sampling,0,3,89,0.945985401459854
2025-03-25 15:11:25.442677,monks3,SVC,local_set_cardinality_sampling,0,3,90,0.945985401459854
2025-03-25 15:11:25.647403,monks3,SVC,local_set_cardinality_sampling,0,3,91,0.945985401459854
2025-03-25 15:11:25.849922,monks3,SVC,local_set_cardinality_sampling,0,3,92,0.945985401459854
2025-03-25 15:11:26.052687,monks3,SVC,local_set_cardinality_sampling,0,3,93,0.945985401459854
2025-03-25 15:11:26.255731,monks3,SVC,local_set_cardinality_sampling,0,3,94,0.945985401459854
2025-03-25 15:11:26.457176,monks3,SVC,local_set_cardinality_sampling,0,3,95,0.945985401459854
2025-03-25 15:11:26.657521,monks3,SVC,local_set_cardinality_sampling,0,3,96,0.945985401459854
2025-03-25 15:11:26.855390,monks3,SVC,local_set_cardinality_sampling,0,3,97,0.945985401459854
2025-03-25 15:11:27.053288,monks3,SVC,local_set_cardinality_sampling,0,3,98,0.945985401459854
2025-03-25 15:11:27.251913,monks3,SVC,local_set_cardinality_sampling,0,3,99,0.945985401459854
2025-03-25 15:11:27.450392,monks3,SVC,local_set_cardinality_sampling,0,3,100,0.945985401459854
2025-03-25 15:11:27.453890,monks3,SVC,local_set_cardinality_sampling,0,4,0,0.02764384442301504
2025-03-25 15:11:27.708637,monks3,SVC,local_set_cardinality_sampling,0,4,1,0.07578253706754523
2025-03-25 15:11:27.963508,monks3,SVC,local_set_cardinality_sampling,0,4,2,0.12243568870074906
2025-03-25 15:11:28.215337,monks3,SVC,local_set_cardinality_sampling,0,4,3,0.2941757156959526
2025-03-25 15:11:28.466298,monks3,SVC,local_set_cardinality_sampling,0,4,4,0.23089430894308938
2025-03-25 15:11:28.718324,monks3,SVC,local_set_cardinality_sampling,0,4,5,0.4389601842711418
2025-03-25 15:11:28.971667,monks3,SVC,local_set_cardinality_sampling,0,4,6,0.3232457598935816
2025-03-25 15:11:29.225474,monks3,SVC,local_set_cardinality_sampling,0,4,7,0.3931795386158474
2025-03-25 15:11:29.476669,monks3,SVC,local_set_cardinality_sampling,0,4,8,0.34944237918215615
2025-03-25 15:11:29.727215,monks3,SVC,local_set_cardinality_sampling,0,4,9,0.3752088205813565
2025-03-25 15:11:29.979993,monks3,SVC,local_set_cardinality_sampling,0,4,10,0.4150880691259555
2025-03-25 15:11:30.228710,monks3,SVC,local_set_cardinality_sampling,0,4,11,0.41971645235740196
2025-03-25 15:11:30.478158,monks3,SVC,local_set_cardinality_sampling,0,4,12,0.4758462044035492
2025-03-25 15:11:30.725184,monks3,SVC,local_set_cardinality_sampling,0,4,13,0.4595479855879463
2025-03-25 15:11:30.970007,monks3,SVC,local_set_cardinality_sampling,0,4,14,0.5303776683087027
2025-03-25 15:11:31.216761,monks3,SVC,local_set_cardinality_sampling,0,4,15,0.6021045708648471
2025-03-25 15:11:31.461002,monks3,SVC,local_set_cardinality_sampling,0,4,16,0.6209386281588448
2025-03-25 15:11:31.704238,monks3,SVC,local_set_cardinality_sampling,0,4,17,0.6561368871339256
2025-03-25 15:11:31.948232,monks3,SVC,local_set_cardinality_sampling,0,4,18,0.6382768826044065
2025-03-25 15:11:32.189148,monks3,SVC,local_set_cardinality_sampling,0,4,19,0.6561368871339256
2025-03-25 15:11:32.430606,monks3,SVC,local_set_cardinality_sampling,0,4,20,0.6735905044510386
2025-03-25 15:11:32.673959,monks3,SVC,local_set_cardinality_sampling,0,4,21,0.6556836902800659
2025-03-25 15:11:32.915503,monks3,SVC,local_set_cardinality_sampling,0,4,22,0.6556836902800659
2025-03-25 15:11:33.155014,monks3,SVC,local_set_cardinality_sampling,0,4,23,0.6561368871339256
2025-03-25 15:11:33.396257,monks3,SVC,local_set_cardinality_sampling,0,4,24,0.6561368871339256
2025-03-25 15:11:33.640677,monks3,SVC,local_set_cardinality_sampling,0,4,25,0.6556836902800659
2025-03-25 15:11:33.880919,monks3,SVC,local_set_cardinality_sampling,0,4,26,0.6740204148831084
2025-03-25 15:11:34.117451,monks3,SVC,local_set_cardinality_sampling,0,4,27,0.7094750742819412
2025-03-25 15:11:34.355592,monks3,SVC,local_set_cardinality_sampling,0,4,28,0.6919275123558484
2025-03-25 15:11:34.591708,monks3,SVC,local_set_cardinality_sampling,0,4,29,0.6740204148831084
2025-03-25 15:11:34.828363,monks3,SVC,local_set_cardinality_sampling,0,4,30,0.6740204148831084
2025-03-25 15:11:35.066313,monks3,SVC,local_set_cardinality_sampling,0,4,31,0.6744491943439659
2025-03-25 15:11:35.301490,monks3,SVC,local_set_cardinality_sampling,0,4,32,0.6744491943439659
2025-03-25 15:11:35.539466,monks3,SVC,local_set_cardinality_sampling,0,4,33,0.7292418772563177
2025-03-25 15:11:35.774621,monks3,SVC,local_set_cardinality_sampling,0,4,34,0.7292418772563177
2025-03-25 15:11:36.012772,monks3,SVC,local_set_cardinality_sampling,0,4,35,0.711380780583798
2025-03-25 15:11:36.245095,monks3,SVC,local_set_cardinality_sampling,0,4,36,0.711380780583798
2025-03-25 15:11:36.479720,monks3,SVC,local_set_cardinality_sampling,0,4,37,0.6935431006227466
2025-03-25 15:11:36.711112,monks3,SVC,local_set_cardinality_sampling,0,4,38,0.6401701014066077
2025-03-25 15:11:36.943060,monks3,SVC,local_set_cardinality_sampling,0,4,39,0.7292418772563177
2025-03-25 15:11:37.172744,monks3,SVC,local_set_cardinality_sampling,0,4,40,0.7292418772563177
2025-03-25 15:11:37.403884,monks3,SVC,local_set_cardinality_sampling,0,4,41,0.7292418772563177
2025-03-25 15:11:37.635867,monks3,SVC,local_set_cardinality_sampling,0,4,42,0.7292418772563177
2025-03-25 15:11:37.866915,monks3,SVC,local_set_cardinality_sampling,0,4,43,0.6757287913527679
2025-03-25 15:11:38.096032,monks3,SVC,local_set_cardinality_sampling,0,4,44,0.711380780583798
2025-03-25 15:11:38.325722,monks3,SVC,local_set_cardinality_sampling,0,4,45,0.6757287913527679
2025-03-25 15:11:38.553039,monks3,SVC,local_set_cardinality_sampling,0,4,46,0.6757287913527679
2025-03-25 15:11:38.779597,monks3,SVC,local_set_cardinality_sampling,0,4,47,0.6579378068739771
2025-03-25 15:11:39.007366,monks3,SVC,local_set_cardinality_sampling,0,4,48,0.6579378068739771
2025-03-25 15:11:39.233217,monks3,SVC,local_set_cardinality_sampling,0,4,49,0.6401701014066077
2025-03-25 15:11:39.459552,monks3,SVC,local_set_cardinality_sampling,0,4,50,0.711380780583798
2025-03-25 15:11:39.684345,monks3,SVC,local_set_cardinality_sampling,0,4,51,0.711380780583798
2025-03-25 15:11:39.908419,monks3,SVC,local_set_cardinality_sampling,0,4,52,0.7471264367816092
2025-03-25 15:11:40.132758,monks3,SVC,local_set_cardinality_sampling,0,4,53,0.8189002304906158
2025-03-25 15:11:40.355920,monks3,SVC,local_set_cardinality_sampling,0,4,54,0.891053152855728
2025-03-25 15:11:40.578728,monks3,SVC,local_set_cardinality_sampling,0,4,55,0.8729792147806005
2025-03-25 15:11:40.804275,monks3,SVC,local_set_cardinality_sampling,0,4,56,0.8369028006589786
2025-03-25 15:11:41.025002,monks3,SVC,local_set_cardinality_sampling,0,4,57,0.9272727272727272
2025-03-25 15:11:41.246877,monks3,SVC,local_set_cardinality_sampling,0,4,58,0.9272727272727272
2025-03-25 15:11:41.469648,monks3,SVC,local_set_cardinality_sampling,0,4,59,0.9272727272727272
2025-03-25 15:11:41.690831,monks3,SVC,local_set_cardinality_sampling,0,4,60,0.9272727272727272
2025-03-25 15:11:41.909756,monks3,SVC,local_set_cardinality_sampling,0,4,61,0.9272727272727272
2025-03-25 15:11:42.130288,monks3,SVC,local_set_cardinality_sampling,0,4,62,0.9272727272727272
2025-03-25 15:11:42.352987,monks3,SVC,local_set_cardinality_sampling,0,4,63,0.9090307641415812
2025-03-25 15:11:42.568293,monks3,SVC,local_set_cardinality_sampling,0,4,64,0.9090307641415812
2025-03-25 15:11:42.784553,monks3,SVC,local_set_cardinality_sampling,0,4,65,0.9272727272727272
2025-03-25 15:11:43.002315,monks3,SVC,local_set_cardinality_sampling,0,4,66,0.9272727272727272
2025-03-25 15:11:43.218283,monks3,SVC,local_set_cardinality_sampling,0,4,67,0.9272727272727272
2025-03-25 15:11:43.432776,monks3,SVC,local_set_cardinality_sampling,0,4,68,0.9272727272727272
2025-03-25 15:11:43.647147,monks3,SVC,local_set_cardinality_sampling,0,4,69,0.9272727272727272
2025-03-25 15:11:43.863536,monks3,SVC,local_set_cardinality_sampling,0,4,70,0.9272727272727272
2025-03-25 15:11:44.077648,monks3,SVC,local_set_cardinality_sampling,0,4,71,0.9272727272727272
2025-03-25 15:11:44.289026,monks3,SVC,local_set_cardinality_sampling,0,4,72,0.9272727272727272
2025-03-25 15:11:44.502664,monks3,SVC,local_set_cardinality_sampling,0,4,73,0.9272727272727272
2025-03-25 15:11:44.714882,monks3,SVC,local_set_cardinality_sampling,0,4,74,0.9272727272727272
2025-03-25 15:11:44.926091,monks3,SVC,local_set_cardinality_sampling,0,4,75,0.9272727272727272
2025-03-25 15:11:45.134545,monks3,SVC,local_set_cardinality_sampling,0,4,76,0.9272727272727272
2025-03-25 15:11:45.342868,monks3,SVC,local_set_cardinality_sampling,0,4,77,0.9272727272727272
2025-03-25 15:11:45.553265,monks3,SVC,local_set_cardinality_sampling,0,4,78,0.9272727272727272
2025-03-25 15:11:45.761471,monks3,SVC,local_set_cardinality_sampling,0,4,79,0.9272727272727272
2025-03-25 15:11:45.969102,monks3,SVC,local_set_cardinality_sampling,0,4,80,0.9272727272727272
2025-03-25 15:11:46.180174,monks3,SVC,local_set_cardinality_sampling,0,4,81,0.9272727272727272
2025-03-25 15:11:46.389835,monks3,SVC,local_set_cardinality_sampling,0,4,82,0.9272727272727272
2025-03-25 15:11:46.596913,monks3,SVC,local_set_cardinality_sampling,0,4,83,0.9272727272727272
2025-03-25 15:11:46.802985,monks3,SVC,local_set_cardinality_sampling,0,4,84,0.9272727272727272
2025-03-25 15:11:47.008763,monks3,SVC,local_set_cardinality_sampling,0,4,85,0.9272727272727272
2025-03-25 15:11:47.214321,monks3,SVC,local_set_cardinality_sampling,0,4,86,0.9272727272727272
2025-03-25 15:11:47.419140,monks3,SVC,local_set_cardinality_sampling,0,4,87,0.9272727272727272
2025-03-25 15:11:47.624538,monks3,SVC,local_set_cardinality_sampling,0,4,88,0.9272727272727272
2025-03-25 15:11:47.827179,monks3,SVC,local_set_cardinality_sampling,0,4,89,0.9272727272727272
2025-03-25 15:11:48.030708,monks3,SVC,local_set_cardinality_sampling,0,4,90,0.9272727272727272
2025-03-25 15:11:48.233377,monks3,SVC,local_set_cardinality_sampling,0,4,91,0.9272727272727272
2025-03-25 15:11:48.436020,monks3,SVC,local_set_cardinality_sampling,0,4,92,0.9272727272727272
2025-03-25 15:11:48.637047,monks3,SVC,local_set_cardinality_sampling,0,4,93,0.9272727272727272
2025-03-25 15:11:48.837865,monks3,SVC,local_set_cardinality_sampling,0,4,94,0.9272727272727272
2025-03-25 15:11:49.036964,monks3,SVC,local_set_cardinality_sampling,0,4,95,0.9272727272727272
2025-03-25 15:11:49.237299,monks3,SVC,local_set_cardinality_sampling,0,4,96,0.9272727272727272
2025-03-25 15:11:49.437562,monks3,SVC,local_set_cardinality_sampling,0,4,97,0.9272727272727272
2025-03-25 15:11:49.638001,monks3,SVC,local_set_cardinality_sampling,0,4,98,0.9272727272727272
2025-03-25 15:11:49.838721,monks3,SVC,local_set_cardinality_sampling,0,4,99,0.9272727272727272
2025-03-25 15:11:50.036453,monks3,SVC,local_set_cardinality_sampling,0,4,100,0.9272727272727272
