time,dataset,classifier,method,run,fold,query,kappa
2025-03-27 01:35:52.844436,nursery,DecisionTree,training_utility_sampling,0,0,0,0.00026182050095868714
2025-03-27 01:35:55.098036,nursery,DecisionTree,training_utility_sampling,0,0,1,0.38173086870365747
2025-03-27 01:35:57.187093,nursery,DecisionTree,training_utility_sampling,0,0,2,0.4417644824713969
2025-03-27 01:35:59.365672,nursery,DecisionTree,training_utility_sampling,0,0,3,0.4349724738031905
2025-03-27 01:36:01.159292,nursery,DecisionTree,training_utility_sampling,0,0,4,0.4446139245348748
2025-03-27 01:36:03.260518,nursery,DecisionTree,training_utility_sampling,0,0,5,0.4567298855376388
2025-03-27 01:36:05.224632,nursery,DecisionTree,training_utility_sampling,0,0,6,0.4684595570117719
2025-03-27 01:36:07.271451,nursery,DecisionTree,training_utility_sampling,0,0,7,0.4834340879111939
2025-03-27 01:36:09.171197,nursery,DecisionTree,training_utility_sampling,0,0,8,0.5186069094919104
2025-03-27 01:36:11.418788,nursery,DecisionTree,training_utility_sampling,0,0,9,0.6237240398116535
2025-03-27 01:36:13.607501,nursery,DecisionTree,training_utility_sampling,0,0,10,0.5932680231097713
2025-03-27 01:36:15.927253,nursery,DecisionTree,training_utility_sampling,0,0,11,0.6136597709038363
2025-03-27 01:36:18.129212,nursery,DecisionTree,training_utility_sampling,0,0,12,0.601118443127167
2025-03-27 01:36:20.598292,nursery,DecisionTree,training_utility_sampling,0,0,13,0.5775148516489881
2025-03-27 01:36:22.977926,nursery,DecisionTree,training_utility_sampling,0,0,14,0.6175981152424792
2025-03-27 01:36:25.491661,nursery,DecisionTree,training_utility_sampling,0,0,15,0.5932680231097713
2025-03-27 01:36:27.740482,nursery,DecisionTree,training_utility_sampling,0,0,16,0.6175981152424792
2025-03-27 01:36:30.251259,nursery,DecisionTree,training_utility_sampling,0,0,17,0.5940976783346401
2025-03-27 01:36:32.633100,nursery,DecisionTree,training_utility_sampling,0,0,18,0.6339561246719128
2025-03-27 01:36:35.120445,nursery,DecisionTree,training_utility_sampling,0,0,19,0.6816066554346294
2025-03-27 01:36:37.248938,nursery,DecisionTree,training_utility_sampling,0,0,20,0.6304815023764734
2025-03-27 01:36:39.576334,nursery,DecisionTree,training_utility_sampling,0,0,21,0.6310144682291225
2025-03-27 01:36:41.929352,nursery,DecisionTree,training_utility_sampling,0,0,22,0.6651796862633805
2025-03-27 01:36:44.410353,nursery,DecisionTree,training_utility_sampling,0,0,23,0.6502826907805903
2025-03-27 01:36:46.680270,nursery,DecisionTree,training_utility_sampling,0,0,24,0.6708459969014824
2025-03-27 01:36:49.142376,nursery,DecisionTree,training_utility_sampling,0,0,25,0.659813717188823
2025-03-27 01:36:51.513950,nursery,DecisionTree,training_utility_sampling,0,0,26,0.6381423750492835
2025-03-27 01:36:54.033037,nursery,DecisionTree,training_utility_sampling,0,0,27,0.6754892832619255
2025-03-27 01:36:56.460425,nursery,DecisionTree,training_utility_sampling,0,0,28,0.6724622868477996
2025-03-27 01:36:58.990818,nursery,DecisionTree,training_utility_sampling,0,0,29,0.6488261085366809
2025-03-27 01:37:01.310005,nursery,DecisionTree,training_utility_sampling,0,0,30,0.679559085203234
2025-03-27 01:37:03.627962,nursery,DecisionTree,training_utility_sampling,0,0,31,0.6237195981748713
2025-03-27 01:37:05.684520,nursery,DecisionTree,training_utility_sampling,0,0,32,0.6288946408908334
2025-03-27 01:37:07.994046,nursery,DecisionTree,training_utility_sampling,0,0,33,0.645224472170386
2025-03-27 01:37:10.215386,nursery,DecisionTree,training_utility_sampling,0,0,34,0.6423597427046027
2025-03-27 01:37:12.545172,nursery,DecisionTree,training_utility_sampling,0,0,35,0.6493422513303527
2025-03-27 01:37:14.530985,nursery,DecisionTree,training_utility_sampling,0,0,36,0.6510144674868311
2025-03-27 01:37:16.904095,nursery,DecisionTree,training_utility_sampling,0,0,37,0.6770601005048522
2025-03-27 01:37:19.130797,nursery,DecisionTree,training_utility_sampling,0,0,38,0.6279181414730486
2025-03-27 01:37:21.538308,nursery,DecisionTree,training_utility_sampling,0,0,39,0.6478336060371381
2025-03-27 01:37:23.767507,nursery,DecisionTree,training_utility_sampling,0,0,40,0.6560048638882581
2025-03-27 01:37:26.258486,nursery,DecisionTree,training_utility_sampling,0,0,41,0.6252174537019978
2025-03-27 01:37:28.755496,nursery,DecisionTree,training_utility_sampling,0,0,42,0.6335510666952007
2025-03-27 01:37:31.228069,nursery,DecisionTree,training_utility_sampling,0,0,43,0.6974130511384832
2025-03-27 01:37:33.551686,nursery,DecisionTree,training_utility_sampling,0,0,44,0.6459632653379292
2025-03-27 01:37:36.127158,nursery,DecisionTree,training_utility_sampling,0,0,45,0.6226131484924893
2025-03-27 01:37:38.377499,nursery,DecisionTree,training_utility_sampling,0,0,46,0.7057022021925319
2025-03-27 01:37:40.772635,nursery,DecisionTree,training_utility_sampling,0,0,47,0.6462685661173551
2025-03-27 01:37:42.933356,nursery,DecisionTree,training_utility_sampling,0,0,48,0.687166367805129
2025-03-27 01:37:45.272775,nursery,DecisionTree,training_utility_sampling,0,0,49,0.671138347273776
2025-03-27 01:37:47.505872,nursery,DecisionTree,training_utility_sampling,0,0,50,0.6496317937037401
2025-03-27 01:37:49.886033,nursery,DecisionTree,training_utility_sampling,0,0,51,0.6983498121538452
2025-03-27 01:37:51.989197,nursery,DecisionTree,training_utility_sampling,0,0,52,0.6691247510398495
2025-03-27 01:37:54.428006,nursery,DecisionTree,training_utility_sampling,0,0,53,0.6716737696455947
2025-03-27 01:37:56.825046,nursery,DecisionTree,training_utility_sampling,0,0,54,0.6803778821237838
2025-03-27 01:37:59.242515,nursery,DecisionTree,training_utility_sampling,0,0,55,0.6711238925770808
2025-03-27 01:38:01.532429,nursery,DecisionTree,training_utility_sampling,0,0,56,0.6535072166560343
2025-03-27 01:38:03.982414,nursery,DecisionTree,training_utility_sampling,0,0,57,0.6459111916325775
2025-03-27 01:38:06.111891,nursery,DecisionTree,training_utility_sampling,0,0,58,0.7128521766246241
2025-03-27 01:38:08.377556,nursery,DecisionTree,training_utility_sampling,0,0,59,0.6877856698121669
2025-03-27 01:38:10.558749,nursery,DecisionTree,training_utility_sampling,0,0,60,0.6724133333766896
2025-03-27 01:38:12.697925,nursery,DecisionTree,training_utility_sampling,0,0,61,0.6765121193068055
2025-03-27 01:38:14.772946,nursery,DecisionTree,training_utility_sampling,0,0,62,0.6461174824527336
2025-03-27 01:38:16.972803,nursery,DecisionTree,training_utility_sampling,0,0,63,0.6519108572882578
2025-03-27 01:38:19.000399,nursery,DecisionTree,training_utility_sampling,0,0,64,0.6529399748343029
2025-03-27 01:38:21.288784,nursery,DecisionTree,training_utility_sampling,0,0,65,0.6929232412888016
2025-03-27 01:38:23.481500,nursery,DecisionTree,training_utility_sampling,0,0,66,0.6765371098507256
2025-03-27 01:38:25.663966,nursery,DecisionTree,training_utility_sampling,0,0,67,0.677559324781823
2025-03-27 01:38:27.645789,nursery,DecisionTree,training_utility_sampling,0,0,68,0.6592323721992949
2025-03-27 01:38:29.912461,nursery,DecisionTree,training_utility_sampling,0,0,69,0.6633210203330118
2025-03-27 01:38:32.147009,nursery,DecisionTree,training_utility_sampling,0,0,70,0.652403336653077
2025-03-27 01:38:34.586989,nursery,DecisionTree,training_utility_sampling,0,0,71,0.6863255349288899
2025-03-27 01:38:36.821126,nursery,DecisionTree,training_utility_sampling,0,0,72,0.6973348341580141
2025-03-27 01:38:39.208489,nursery,DecisionTree,training_utility_sampling,0,0,73,0.6901634586236625
2025-03-27 01:38:41.555398,nursery,DecisionTree,training_utility_sampling,0,0,74,0.6749102419908033
2025-03-27 01:38:44.040065,nursery,DecisionTree,training_utility_sampling,0,0,75,0.6663517032082011
2025-03-27 01:38:46.242499,nursery,DecisionTree,training_utility_sampling,0,0,76,0.7193755427990425
2025-03-27 01:38:48.623702,nursery,DecisionTree,training_utility_sampling,0,0,77,0.6988995101589026
2025-03-27 01:38:50.965768,nursery,DecisionTree,training_utility_sampling,0,0,78,0.6665724041926291
2025-03-27 01:38:53.407084,nursery,DecisionTree,training_utility_sampling,0,0,79,0.6850821638622748
2025-03-27 01:38:55.594437,nursery,DecisionTree,training_utility_sampling,0,0,80,0.6688128918679159
2025-03-27 01:38:57.983775,nursery,DecisionTree,training_utility_sampling,0,0,81,0.7282131229510824
2025-03-27 01:39:00.335306,nursery,DecisionTree,training_utility_sampling,0,0,82,0.6445439441034382
2025-03-27 01:39:02.802283,nursery,DecisionTree,training_utility_sampling,0,0,83,0.6690613237144312
2025-03-27 01:39:04.934117,nursery,DecisionTree,training_utility_sampling,0,0,84,0.6566803865576226
2025-03-27 01:39:07.316467,nursery,DecisionTree,training_utility_sampling,0,0,85,0.6785982762614385
2025-03-27 01:39:09.578297,nursery,DecisionTree,training_utility_sampling,0,0,86,0.6584289462868975
2025-03-27 01:39:11.876613,nursery,DecisionTree,training_utility_sampling,0,0,87,0.6540557956969921
2025-03-27 01:39:13.944175,nursery,DecisionTree,training_utility_sampling,0,0,88,0.6567693651333748
2025-03-27 01:39:16.158278,nursery,DecisionTree,training_utility_sampling,0,0,89,0.6417082124179274
2025-03-27 01:39:18.226724,nursery,DecisionTree,training_utility_sampling,0,0,90,0.6646615427800902
2025-03-27 01:39:20.427820,nursery,DecisionTree,training_utility_sampling,0,0,91,0.6784574541591777
2025-03-27 01:39:22.568089,nursery,DecisionTree,training_utility_sampling,0,0,92,0.6628103721969605
2025-03-27 01:39:24.753726,nursery,DecisionTree,training_utility_sampling,0,0,93,0.7025053500267663
2025-03-27 01:39:26.828212,nursery,DecisionTree,training_utility_sampling,0,0,94,0.6841539894070392
2025-03-27 01:39:29.060901,nursery,DecisionTree,training_utility_sampling,0,0,95,0.6446741389739485
2025-03-27 01:39:31.115532,nursery,DecisionTree,training_utility_sampling,0,0,96,0.6690355137578884
2025-03-27 01:39:33.334507,nursery,DecisionTree,training_utility_sampling,0,0,97,0.6528849864400164
2025-03-27 01:39:35.542753,nursery,DecisionTree,training_utility_sampling,0,0,98,0.7187516954107867
2025-03-27 01:39:37.931742,nursery,DecisionTree,training_utility_sampling,0,0,99,0.6755981584827734
2025-03-27 01:39:40.030921,nursery,DecisionTree,training_utility_sampling,0,0,100,0.7509498883211562
2025-03-27 01:39:40.037644,nursery,DecisionTree,training_utility_sampling,0,1,0,0.17514746664787983
2025-03-27 01:39:42.487961,nursery,DecisionTree,training_utility_sampling,0,1,1,0.019938817629964523
2025-03-27 01:39:44.740904,nursery,DecisionTree,training_utility_sampling,0,1,2,0.4642672049989882
2025-03-27 01:39:47.114008,nursery,DecisionTree,training_utility_sampling,0,1,3,0.4392868121733785
2025-03-27 01:39:49.189423,nursery,DecisionTree,training_utility_sampling,0,1,4,0.4543157894736841
2025-03-27 01:39:51.558463,nursery,DecisionTree,training_utility_sampling,0,1,5,0.4789250765050024
2025-03-27 01:39:53.820367,nursery,DecisionTree,training_utility_sampling,0,1,6,0.4338224697019325
2025-03-27 01:39:56.310820,nursery,DecisionTree,training_utility_sampling,0,1,7,0.43281182322907497
2025-03-27 01:39:58.471122,nursery,DecisionTree,training_utility_sampling,0,1,8,0.43281182322907497
2025-03-27 01:40:00.930771,nursery,DecisionTree,training_utility_sampling,0,1,9,0.4692090271854328
2025-03-27 01:40:03.223985,nursery,DecisionTree,training_utility_sampling,0,1,10,0.438474870017331
2025-03-27 01:40:05.616049,nursery,DecisionTree,training_utility_sampling,0,1,11,0.486709844669324
2025-03-27 01:40:07.810647,nursery,DecisionTree,training_utility_sampling,0,1,12,0.47324984123974767
2025-03-27 01:40:10.072176,nursery,DecisionTree,training_utility_sampling,0,1,13,0.42790458501903084
2025-03-27 01:40:12.166438,nursery,DecisionTree,training_utility_sampling,0,1,14,0.5159501466127145
2025-03-27 01:40:14.498105,nursery,DecisionTree,training_utility_sampling,0,1,15,0.4434501823942
2025-03-27 01:40:16.432187,nursery,DecisionTree,training_utility_sampling,0,1,16,0.5028589989105354
2025-03-27 01:40:18.688232,nursery,DecisionTree,training_utility_sampling,0,1,17,0.5220380589344696
2025-03-27 01:40:20.848050,nursery,DecisionTree,training_utility_sampling,0,1,18,0.47884591387942566
2025-03-27 01:40:23.115560,nursery,DecisionTree,training_utility_sampling,0,1,19,0.49529617258603253
2025-03-27 01:40:25.087490,nursery,DecisionTree,training_utility_sampling,0,1,20,0.49948703435100994
2025-03-27 01:40:27.235110,nursery,DecisionTree,training_utility_sampling,0,1,21,0.5410091524960663
2025-03-27 01:40:29.429075,nursery,DecisionTree,training_utility_sampling,0,1,22,0.5268777448660036
2025-03-27 01:40:31.746721,nursery,DecisionTree,training_utility_sampling,0,1,23,0.5653605463731828
2025-03-27 01:40:33.822322,nursery,DecisionTree,training_utility_sampling,0,1,24,0.5521876025205681
2025-03-27 01:40:36.259704,nursery,DecisionTree,training_utility_sampling,0,1,25,0.5594533958800735
2025-03-27 01:40:38.622600,nursery,DecisionTree,training_utility_sampling,0,1,26,0.6075426688432788
2025-03-27 01:40:41.132376,nursery,DecisionTree,training_utility_sampling,0,1,27,0.6070736673090367
2025-03-27 01:40:43.579864,nursery,DecisionTree,training_utility_sampling,0,1,28,0.6070736673090367
2025-03-27 01:40:46.141655,nursery,DecisionTree,training_utility_sampling,0,1,29,0.6150753836975975
2025-03-27 01:40:48.621607,nursery,DecisionTree,training_utility_sampling,0,1,30,0.6150753836975975
2025-03-27 01:40:51.074466,nursery,DecisionTree,training_utility_sampling,0,1,31,0.6075426688432788
2025-03-27 01:40:53.356145,nursery,DecisionTree,training_utility_sampling,0,1,32,0.672475684755222
2025-03-27 01:40:55.845749,nursery,DecisionTree,training_utility_sampling,0,1,33,0.6704440386040789
2025-03-27 01:40:58.250875,nursery,DecisionTree,training_utility_sampling,0,1,34,0.6799576372588455
2025-03-27 01:41:00.760775,nursery,DecisionTree,training_utility_sampling,0,1,35,0.6799576372588455
2025-03-27 01:41:02.893743,nursery,DecisionTree,training_utility_sampling,0,1,36,0.6799576372588455
2025-03-27 01:41:05.368519,nursery,DecisionTree,training_utility_sampling,0,1,37,0.591145398664172
2025-03-27 01:41:07.715319,nursery,DecisionTree,training_utility_sampling,0,1,38,0.5750350340676107
2025-03-27 01:41:10.125479,nursery,DecisionTree,training_utility_sampling,0,1,39,0.6012157094656938
2025-03-27 01:41:12.381680,nursery,DecisionTree,training_utility_sampling,0,1,40,0.726101879343577
2025-03-27 01:41:14.850336,nursery,DecisionTree,training_utility_sampling,0,1,41,0.5808165658022693
2025-03-27 01:41:17.163689,nursery,DecisionTree,training_utility_sampling,0,1,42,0.5856304130224594
2025-03-27 01:41:19.626657,nursery,DecisionTree,training_utility_sampling,0,1,43,0.6203853465163903
2025-03-27 01:41:21.726303,nursery,DecisionTree,training_utility_sampling,0,1,44,0.6242451674060916
2025-03-27 01:41:23.964669,nursery,DecisionTree,training_utility_sampling,0,1,45,0.6402798436458346
2025-03-27 01:41:26.096837,nursery,DecisionTree,training_utility_sampling,0,1,46,0.5705959260852345
2025-03-27 01:41:28.318667,nursery,DecisionTree,training_utility_sampling,0,1,47,0.5819243796048218
2025-03-27 01:41:30.299248,nursery,DecisionTree,training_utility_sampling,0,1,48,0.5641913635109872
2025-03-27 01:41:32.508421,nursery,DecisionTree,training_utility_sampling,0,1,49,0.5673379727107364
2025-03-27 01:41:34.619971,nursery,DecisionTree,training_utility_sampling,0,1,50,0.5953014449853278
2025-03-27 01:41:36.788920,nursery,DecisionTree,training_utility_sampling,0,1,51,0.6281108154640789
2025-03-27 01:41:38.691127,nursery,DecisionTree,training_utility_sampling,0,1,52,0.6177589046964167
2025-03-27 01:41:40.967792,nursery,DecisionTree,training_utility_sampling,0,1,53,0.6140018728533141
2025-03-27 01:41:43.178846,nursery,DecisionTree,training_utility_sampling,0,1,54,0.6475970916829226
2025-03-27 01:41:45.537299,nursery,DecisionTree,training_utility_sampling,0,1,55,0.6432724417798097
2025-03-27 01:41:47.763381,nursery,DecisionTree,training_utility_sampling,0,1,56,0.6521700419831382
2025-03-27 01:41:50.199560,nursery,DecisionTree,training_utility_sampling,0,1,57,0.6849063872409277
2025-03-27 01:41:52.607016,nursery,DecisionTree,training_utility_sampling,0,1,58,0.6340590033652402
2025-03-27 01:41:55.095053,nursery,DecisionTree,training_utility_sampling,0,1,59,0.7180154218426793
2025-03-27 01:41:57.484816,nursery,DecisionTree,training_utility_sampling,0,1,60,0.7176568034063407
2025-03-27 01:41:59.914466,nursery,DecisionTree,training_utility_sampling,0,1,61,0.6400242687171628
2025-03-27 01:42:02.187262,nursery,DecisionTree,training_utility_sampling,0,1,62,0.6902286991182303
2025-03-27 01:42:04.597535,nursery,DecisionTree,training_utility_sampling,0,1,63,0.6886658168957371
2025-03-27 01:42:06.819980,nursery,DecisionTree,training_utility_sampling,0,1,64,0.6632858292645516
2025-03-27 01:42:09.348263,nursery,DecisionTree,training_utility_sampling,0,1,65,0.6688909600543653
2025-03-27 01:42:11.606323,nursery,DecisionTree,training_utility_sampling,0,1,66,0.6762457512820579
2025-03-27 01:42:13.758653,nursery,DecisionTree,training_utility_sampling,0,1,67,0.6317845299008221
2025-03-27 01:42:15.778354,nursery,DecisionTree,training_utility_sampling,0,1,68,0.5833052125586232
2025-03-27 01:42:18.059222,nursery,DecisionTree,training_utility_sampling,0,1,69,0.6164636594372085
2025-03-27 01:42:20.212849,nursery,DecisionTree,training_utility_sampling,0,1,70,0.6103555280641229
2025-03-27 01:42:22.528430,nursery,DecisionTree,training_utility_sampling,0,1,71,0.6588281496122459
2025-03-27 01:42:24.688501,nursery,DecisionTree,training_utility_sampling,0,1,72,0.6558961812793205
2025-03-27 01:42:26.966702,nursery,DecisionTree,training_utility_sampling,0,1,73,0.6550180647228784
2025-03-27 01:42:29.114253,nursery,DecisionTree,training_utility_sampling,0,1,74,0.6583803526665346
2025-03-27 01:42:31.338579,nursery,DecisionTree,training_utility_sampling,0,1,75,0.7085795228448042
2025-03-27 01:42:33.302991,nursery,DecisionTree,training_utility_sampling,0,1,76,0.7191031222853352
2025-03-27 01:42:35.413385,nursery,DecisionTree,training_utility_sampling,0,1,77,0.7138742231873509
2025-03-27 01:42:37.517774,nursery,DecisionTree,training_utility_sampling,0,1,78,0.7116030263879947
2025-03-27 01:42:39.774158,nursery,DecisionTree,training_utility_sampling,0,1,79,0.7030199052669612
2025-03-27 01:42:41.798473,nursery,DecisionTree,training_utility_sampling,0,1,80,0.7019985458581364
2025-03-27 01:42:43.946344,nursery,DecisionTree,training_utility_sampling,0,1,81,0.732355710201266
2025-03-27 01:42:46.122706,nursery,DecisionTree,training_utility_sampling,0,1,82,0.7236544694735695
2025-03-27 01:42:48.470979,nursery,DecisionTree,training_utility_sampling,0,1,83,0.7276209036574627
2025-03-27 01:42:50.622606,nursery,DecisionTree,training_utility_sampling,0,1,84,0.6968415857448507
2025-03-27 01:42:52.944539,nursery,DecisionTree,training_utility_sampling,0,1,85,0.6903103360541317
2025-03-27 01:42:55.159771,nursery,DecisionTree,training_utility_sampling,0,1,86,0.7159900001804711
2025-03-27 01:42:57.487670,nursery,DecisionTree,training_utility_sampling,0,1,87,0.7169924484299239
2025-03-27 01:42:59.589292,nursery,DecisionTree,training_utility_sampling,0,1,88,0.7315192556642649
2025-03-27 01:43:02.054871,nursery,DecisionTree,training_utility_sampling,0,1,89,0.7275302778601118
2025-03-27 01:43:04.346474,nursery,DecisionTree,training_utility_sampling,0,1,90,0.722032195503401
2025-03-27 01:43:06.801843,nursery,DecisionTree,training_utility_sampling,0,1,91,0.7380321899954487
2025-03-27 01:43:09.125944,nursery,DecisionTree,training_utility_sampling,0,1,92,0.7275189738880089
2025-03-27 01:43:11.562597,nursery,DecisionTree,training_utility_sampling,0,1,93,0.738042207081143
2025-03-27 01:43:13.907953,nursery,DecisionTree,training_utility_sampling,0,1,94,0.7472639896500761
2025-03-27 01:43:16.359507,nursery,DecisionTree,training_utility_sampling,0,1,95,0.7441109142406332
2025-03-27 01:43:18.615112,nursery,DecisionTree,training_utility_sampling,0,1,96,0.7473522594945627
2025-03-27 01:43:20.943474,nursery,DecisionTree,training_utility_sampling,0,1,97,0.7259398760149725
2025-03-27 01:43:23.293534,nursery,DecisionTree,training_utility_sampling,0,1,98,0.721691663859696
2025-03-27 01:43:25.764739,nursery,DecisionTree,training_utility_sampling,0,1,99,0.7282193520994029
2025-03-27 01:43:27.858617,nursery,DecisionTree,training_utility_sampling,0,1,100,0.7338349155403645
2025-03-27 01:43:27.865427,nursery,DecisionTree,training_utility_sampling,0,2,0,0.011029218905733718
2025-03-27 01:43:30.414223,nursery,DecisionTree,training_utility_sampling,0,2,1,0.03423174249445482
2025-03-27 01:43:32.811623,nursery,DecisionTree,training_utility_sampling,0,2,2,0.4429352310578377
2025-03-27 01:43:35.172924,nursery,DecisionTree,training_utility_sampling,0,2,3,0.4702120239184794
2025-03-27 01:43:37.183965,nursery,DecisionTree,training_utility_sampling,0,2,4,0.45198523903911414
2025-03-27 01:43:39.473128,nursery,DecisionTree,training_utility_sampling,0,2,5,0.4500402185596746
2025-03-27 01:43:41.609893,nursery,DecisionTree,training_utility_sampling,0,2,6,0.4441831384876178
2025-03-27 01:43:43.914034,nursery,DecisionTree,training_utility_sampling,0,2,7,0.5208899507304494
2025-03-27 01:43:45.981335,nursery,DecisionTree,training_utility_sampling,0,2,8,0.4956896631510058
2025-03-27 01:43:48.384393,nursery,DecisionTree,training_utility_sampling,0,2,9,0.5208899507304494
2025-03-27 01:43:50.652497,nursery,DecisionTree,training_utility_sampling,0,2,10,0.488343253765109
2025-03-27 01:43:53.111217,nursery,DecisionTree,training_utility_sampling,0,2,11,0.4913839900197229
2025-03-27 01:43:55.409993,nursery,DecisionTree,training_utility_sampling,0,2,12,0.4845397477871476
2025-03-27 01:43:58.065541,nursery,DecisionTree,training_utility_sampling,0,2,13,0.41800418273911544
2025-03-27 01:44:00.482899,nursery,DecisionTree,training_utility_sampling,0,2,14,0.514684698120103
2025-03-27 01:44:03.139694,nursery,DecisionTree,training_utility_sampling,0,2,15,0.4977617118286556
2025-03-27 01:44:05.364482,nursery,DecisionTree,training_utility_sampling,0,2,16,0.4979425888885237
2025-03-27 01:44:07.843999,nursery,DecisionTree,training_utility_sampling,0,2,17,0.49508218942474114
2025-03-27 01:44:10.097922,nursery,DecisionTree,training_utility_sampling,0,2,18,0.5253364274733466
2025-03-27 01:44:12.395387,nursery,DecisionTree,training_utility_sampling,0,2,19,0.5011822851175928
2025-03-27 01:44:14.525184,nursery,DecisionTree,training_utility_sampling,0,2,20,0.5236656184914443
2025-03-27 01:44:16.904772,nursery,DecisionTree,training_utility_sampling,0,2,21,0.5012460504839886
2025-03-27 01:44:19.297781,nursery,DecisionTree,training_utility_sampling,0,2,22,0.5041112213124606
2025-03-27 01:44:21.810547,nursery,DecisionTree,training_utility_sampling,0,2,23,0.5138320894066015
2025-03-27 01:44:24.041526,nursery,DecisionTree,training_utility_sampling,0,2,24,0.4835967957588302
2025-03-27 01:44:26.481447,nursery,DecisionTree,training_utility_sampling,0,2,25,0.538114217658906
2025-03-27 01:44:28.796205,nursery,DecisionTree,training_utility_sampling,0,2,26,0.5264800233116577
2025-03-27 01:44:31.248724,nursery,DecisionTree,training_utility_sampling,0,2,27,0.5048804766513524
2025-03-27 01:44:33.595421,nursery,DecisionTree,training_utility_sampling,0,2,28,0.5050270844296829
2025-03-27 01:44:36.091854,nursery,DecisionTree,training_utility_sampling,0,2,29,0.48114227393893827
2025-03-27 01:44:38.490316,nursery,DecisionTree,training_utility_sampling,0,2,30,0.5156170952832764
2025-03-27 01:44:40.780134,nursery,DecisionTree,training_utility_sampling,0,2,31,0.4888762534106045
2025-03-27 01:44:42.816047,nursery,DecisionTree,training_utility_sampling,0,2,32,0.5100154807314323
2025-03-27 01:44:45.079880,nursery,DecisionTree,training_utility_sampling,0,2,33,0.4988610729747356
2025-03-27 01:44:47.187664,nursery,DecisionTree,training_utility_sampling,0,2,34,0.5214342628461607
2025-03-27 01:44:49.403052,nursery,DecisionTree,training_utility_sampling,0,2,35,0.5088435966488996
2025-03-27 01:44:51.340372,nursery,DecisionTree,training_utility_sampling,0,2,36,0.54615261191464
2025-03-27 01:44:53.584597,nursery,DecisionTree,training_utility_sampling,0,2,37,0.5477234844326906
2025-03-27 01:44:55.660193,nursery,DecisionTree,training_utility_sampling,0,2,38,0.5344938152771093
2025-03-27 01:44:57.829988,nursery,DecisionTree,training_utility_sampling,0,2,39,0.5611357413296207
2025-03-27 01:44:59.888355,nursery,DecisionTree,training_utility_sampling,0,2,40,0.603373316067627
2025-03-27 01:45:02.168700,nursery,DecisionTree,training_utility_sampling,0,2,41,0.6029887054735013
2025-03-27 01:45:04.414679,nursery,DecisionTree,training_utility_sampling,0,2,42,0.6196469833739934
2025-03-27 01:45:06.776681,nursery,DecisionTree,training_utility_sampling,0,2,43,0.6571008871679563
2025-03-27 01:45:09.026250,nursery,DecisionTree,training_utility_sampling,0,2,44,0.7003172265080253
2025-03-27 01:45:11.452390,nursery,DecisionTree,training_utility_sampling,0,2,45,0.6919676876559367
2025-03-27 01:45:13.892399,nursery,DecisionTree,training_utility_sampling,0,2,46,0.6706979855505155
2025-03-27 01:45:16.353643,nursery,DecisionTree,training_utility_sampling,0,2,47,0.6839584373777726
2025-03-27 01:45:18.637841,nursery,DecisionTree,training_utility_sampling,0,2,48,0.6605480278125486
2025-03-27 01:45:21.098928,nursery,DecisionTree,training_utility_sampling,0,2,49,0.6508445832174813
2025-03-27 01:45:23.433417,nursery,DecisionTree,training_utility_sampling,0,2,50,0.6872423303783274
2025-03-27 01:45:25.852244,nursery,DecisionTree,training_utility_sampling,0,2,51,0.7037870086053915
2025-03-27 01:45:27.991230,nursery,DecisionTree,training_utility_sampling,0,2,52,0.6830440079333162
2025-03-27 01:45:30.493355,nursery,DecisionTree,training_utility_sampling,0,2,53,0.7423652579024809
2025-03-27 01:45:32.877825,nursery,DecisionTree,training_utility_sampling,0,2,54,0.7064962400710242
2025-03-27 01:45:35.410500,nursery,DecisionTree,training_utility_sampling,0,2,55,0.693799593465988
2025-03-27 01:45:37.691261,nursery,DecisionTree,training_utility_sampling,0,2,56,0.691865807022479
2025-03-27 01:45:40.247773,nursery,DecisionTree,training_utility_sampling,0,2,57,0.7007424214283204
2025-03-27 01:45:42.657105,nursery,DecisionTree,training_utility_sampling,0,2,58,0.6801250307431201
2025-03-27 01:45:45.154662,nursery,DecisionTree,training_utility_sampling,0,2,59,0.6643266505429622
2025-03-27 01:45:47.446248,nursery,DecisionTree,training_utility_sampling,0,2,60,0.6693579811717739
2025-03-27 01:45:49.754348,nursery,DecisionTree,training_utility_sampling,0,2,61,0.6910114355215766
2025-03-27 01:45:51.924725,nursery,DecisionTree,training_utility_sampling,0,2,62,0.698961066863766
2025-03-27 01:45:54.134668,nursery,DecisionTree,training_utility_sampling,0,2,63,0.7084111464925105
2025-03-27 01:45:56.130848,nursery,DecisionTree,training_utility_sampling,0,2,64,0.6785273597052348
2025-03-27 01:45:58.328757,nursery,DecisionTree,training_utility_sampling,0,2,65,0.6734788364824688
2025-03-27 01:46:00.445142,nursery,DecisionTree,training_utility_sampling,0,2,66,0.6480980986425714
2025-03-27 01:46:02.531479,nursery,DecisionTree,training_utility_sampling,0,2,67,0.6741034001944708
2025-03-27 01:46:04.462314,nursery,DecisionTree,training_utility_sampling,0,2,68,0.6738731811900704
2025-03-27 01:46:06.850801,nursery,DecisionTree,training_utility_sampling,0,2,69,0.719845400015972
2025-03-27 01:46:09.078233,nursery,DecisionTree,training_utility_sampling,0,2,70,0.7304298751531335
2025-03-27 01:46:11.295531,nursery,DecisionTree,training_utility_sampling,0,2,71,0.6993341214221571
2025-03-27 01:46:13.379941,nursery,DecisionTree,training_utility_sampling,0,2,72,0.6912325733357854
2025-03-27 01:46:15.671758,nursery,DecisionTree,training_utility_sampling,0,2,73,0.7121335114633722
2025-03-27 01:46:17.897264,nursery,DecisionTree,training_utility_sampling,0,2,74,0.7122757123148138
2025-03-27 01:46:20.365825,nursery,DecisionTree,training_utility_sampling,0,2,75,0.6380506994316852
2025-03-27 01:46:22.536696,nursery,DecisionTree,training_utility_sampling,0,2,76,0.6687920014394906
2025-03-27 01:46:24.761886,nursery,DecisionTree,training_utility_sampling,0,2,77,0.721966773678731
2025-03-27 01:46:26.934273,nursery,DecisionTree,training_utility_sampling,0,2,78,0.7185441928981914
2025-03-27 01:46:29.226778,nursery,DecisionTree,training_utility_sampling,0,2,79,0.6619349322314731
2025-03-27 01:46:31.302980,nursery,DecisionTree,training_utility_sampling,0,2,80,0.6071119407257316
2025-03-27 01:46:33.657570,nursery,DecisionTree,training_utility_sampling,0,2,81,0.667228545004553
2025-03-27 01:46:35.963255,nursery,DecisionTree,training_utility_sampling,0,2,82,0.6139357083936383
2025-03-27 01:46:38.460295,nursery,DecisionTree,training_utility_sampling,0,2,83,0.6258470844485305
2025-03-27 01:46:40.568545,nursery,DecisionTree,training_utility_sampling,0,2,84,0.6193145980797533
2025-03-27 01:46:42.968779,nursery,DecisionTree,training_utility_sampling,0,2,85,0.5879331299526647
2025-03-27 01:46:45.288771,nursery,DecisionTree,training_utility_sampling,0,2,86,0.6091012995992092
2025-03-27 01:46:47.746814,nursery,DecisionTree,training_utility_sampling,0,2,87,0.6183336527311764
2025-03-27 01:46:49.915226,nursery,DecisionTree,training_utility_sampling,0,2,88,0.6913977244400663
2025-03-27 01:46:52.191929,nursery,DecisionTree,training_utility_sampling,0,2,89,0.649873322608302
2025-03-27 01:46:54.337087,nursery,DecisionTree,training_utility_sampling,0,2,90,0.6746184631508609
2025-03-27 01:46:56.600108,nursery,DecisionTree,training_utility_sampling,0,2,91,0.6863203010105037
2025-03-27 01:46:58.760953,nursery,DecisionTree,training_utility_sampling,0,2,92,0.708159943242889
2025-03-27 01:47:00.926709,nursery,DecisionTree,training_utility_sampling,0,2,93,0.7029305527631223
2025-03-27 01:47:02.943562,nursery,DecisionTree,training_utility_sampling,0,2,94,0.6766450930393864
2025-03-27 01:47:05.053115,nursery,DecisionTree,training_utility_sampling,0,2,95,0.68038691350917
2025-03-27 01:47:06.961251,nursery,DecisionTree,training_utility_sampling,0,2,96,0.6952854696095397
2025-03-27 01:47:09.098881,nursery,DecisionTree,training_utility_sampling,0,2,97,0.6995490375611368
2025-03-27 01:47:11.336266,nursery,DecisionTree,training_utility_sampling,0,2,98,0.7029023338135882
2025-03-27 01:47:13.710853,nursery,DecisionTree,training_utility_sampling,0,2,99,0.6775197369735759
2025-03-27 01:47:15.788232,nursery,DecisionTree,training_utility_sampling,0,2,100,0.676412727462468
2025-03-27 01:47:15.795188,nursery,DecisionTree,training_utility_sampling,0,3,0,0.006597174721345911
2025-03-27 01:47:18.312788,nursery,DecisionTree,training_utility_sampling,0,3,1,0.04892703458868397
2025-03-27 01:47:20.576707,nursery,DecisionTree,training_utility_sampling,0,3,2,0.5060838274381517
2025-03-27 01:47:23.053973,nursery,DecisionTree,training_utility_sampling,0,3,3,0.47561417332118927
2025-03-27 01:47:25.186159,nursery,DecisionTree,training_utility_sampling,0,3,4,0.4669727505224449
2025-03-27 01:47:27.698069,nursery,DecisionTree,training_utility_sampling,0,3,5,0.4598316369766944
2025-03-27 01:47:30.109444,nursery,DecisionTree,training_utility_sampling,0,3,6,0.47681221210538205
2025-03-27 01:47:32.765736,nursery,DecisionTree,training_utility_sampling,0,3,7,0.4450478834368964
2025-03-27 01:47:35.080910,nursery,DecisionTree,training_utility_sampling,0,3,8,0.4450478834368964
2025-03-27 01:47:37.719781,nursery,DecisionTree,training_utility_sampling,0,3,9,0.5380311740189256
2025-03-27 01:47:40.111280,nursery,DecisionTree,training_utility_sampling,0,3,10,0.5161973914838791
2025-03-27 01:47:42.676387,nursery,DecisionTree,training_utility_sampling,0,3,11,0.5349494165255543
2025-03-27 01:47:45.002200,nursery,DecisionTree,training_utility_sampling,0,3,12,0.5125741744114842
2025-03-27 01:47:47.587286,nursery,DecisionTree,training_utility_sampling,0,3,13,0.5677757917421191
2025-03-27 01:47:49.997298,nursery,DecisionTree,training_utility_sampling,0,3,14,0.5602048627086167
2025-03-27 01:47:52.605689,nursery,DecisionTree,training_utility_sampling,0,3,15,0.632318197481391
2025-03-27 01:47:54.903334,nursery,DecisionTree,training_utility_sampling,0,3,16,0.5595656179101021
2025-03-27 01:47:57.418209,nursery,DecisionTree,training_utility_sampling,0,3,17,0.6232147399789221
2025-03-27 01:47:59.635194,nursery,DecisionTree,training_utility_sampling,0,3,18,0.6932553552271863
2025-03-27 01:48:01.960898,nursery,DecisionTree,training_utility_sampling,0,3,19,0.7187654096225502
2025-03-27 01:48:03.960279,nursery,DecisionTree,training_utility_sampling,0,3,20,0.5774719950385674
2025-03-27 01:48:06.060853,nursery,DecisionTree,training_utility_sampling,0,3,21,0.5757218078525277
2025-03-27 01:48:08.232946,nursery,DecisionTree,training_utility_sampling,0,3,22,0.5612226018992241
2025-03-27 01:48:10.420231,nursery,DecisionTree,training_utility_sampling,0,3,23,0.57470947469399
2025-03-27 01:48:12.430490,nursery,DecisionTree,training_utility_sampling,0,3,24,0.5612226018992241
2025-03-27 01:48:14.683627,nursery,DecisionTree,training_utility_sampling,0,3,25,0.5612226018992241
2025-03-27 01:48:16.739097,nursery,DecisionTree,training_utility_sampling,0,3,26,0.5366419711978689
2025-03-27 01:48:18.947217,nursery,DecisionTree,training_utility_sampling,0,3,27,0.5590164425409565
2025-03-27 01:48:21.163868,nursery,DecisionTree,training_utility_sampling,0,3,28,0.5347499264305414
2025-03-27 01:48:23.502631,nursery,DecisionTree,training_utility_sampling,0,3,29,0.6468512003159024
2025-03-27 01:48:25.733479,nursery,DecisionTree,training_utility_sampling,0,3,30,0.6450728304565237
2025-03-27 01:48:27.988687,nursery,DecisionTree,training_utility_sampling,0,3,31,0.6590027592809158
2025-03-27 01:48:30.062066,nursery,DecisionTree,training_utility_sampling,0,3,32,0.6590027592809158
2025-03-27 01:48:32.354932,nursery,DecisionTree,training_utility_sampling,0,3,33,0.5234593730996218
2025-03-27 01:48:34.548913,nursery,DecisionTree,training_utility_sampling,0,3,34,0.6133481241981513
2025-03-27 01:48:36.880583,nursery,DecisionTree,training_utility_sampling,0,3,35,0.5625974547696722
2025-03-27 01:48:38.926676,nursery,DecisionTree,training_utility_sampling,0,3,36,0.6540370384253783
2025-03-27 01:48:41.386234,nursery,DecisionTree,training_utility_sampling,0,3,37,0.6266025341696837
2025-03-27 01:48:43.753748,nursery,DecisionTree,training_utility_sampling,0,3,38,0.6196967933516471
2025-03-27 01:48:46.201925,nursery,DecisionTree,training_utility_sampling,0,3,39,0.6667702355883269
2025-03-27 01:48:48.492022,nursery,DecisionTree,training_utility_sampling,0,3,40,0.6569507985823353
2025-03-27 01:48:50.988445,nursery,DecisionTree,training_utility_sampling,0,3,41,0.5911423621297629
2025-03-27 01:48:53.325458,nursery,DecisionTree,training_utility_sampling,0,3,42,0.6042662887633126
2025-03-27 01:48:55.756610,nursery,DecisionTree,training_utility_sampling,0,3,43,0.641821524003803
2025-03-27 01:48:58.009172,nursery,DecisionTree,training_utility_sampling,0,3,44,0.7069157953285543
2025-03-27 01:49:00.432465,nursery,DecisionTree,training_utility_sampling,0,3,45,0.655563455161496
2025-03-27 01:49:02.737540,nursery,DecisionTree,training_utility_sampling,0,3,46,0.6463204626692709
2025-03-27 01:49:05.082069,nursery,DecisionTree,training_utility_sampling,0,3,47,0.6435307719274042
2025-03-27 01:49:07.125521,nursery,DecisionTree,training_utility_sampling,0,3,48,0.7160955738920205
2025-03-27 01:49:09.354993,nursery,DecisionTree,training_utility_sampling,0,3,49,0.6966070036792932
2025-03-27 01:49:11.467960,nursery,DecisionTree,training_utility_sampling,0,3,50,0.7055987709005326
2025-03-27 01:49:13.648705,nursery,DecisionTree,training_utility_sampling,0,3,51,0.7113196991359483
2025-03-27 01:49:15.611658,nursery,DecisionTree,training_utility_sampling,0,3,52,0.7208715265841157
2025-03-27 01:49:17.888356,nursery,DecisionTree,training_utility_sampling,0,3,53,0.6922340277934624
2025-03-27 01:49:20.099619,nursery,DecisionTree,training_utility_sampling,0,3,54,0.6761291962880025
2025-03-27 01:49:22.559366,nursery,DecisionTree,training_utility_sampling,0,3,55,0.7064471283810283
2025-03-27 01:49:24.843796,nursery,DecisionTree,training_utility_sampling,0,3,56,0.6832537832080876
2025-03-27 01:49:27.459452,nursery,DecisionTree,training_utility_sampling,0,3,57,0.7022348641583122
2025-03-27 01:49:29.807679,nursery,DecisionTree,training_utility_sampling,0,3,58,0.6713989534228301
2025-03-27 01:49:32.252571,nursery,DecisionTree,training_utility_sampling,0,3,59,0.6924080048615476
2025-03-27 01:49:34.736877,nursery,DecisionTree,training_utility_sampling,0,3,60,0.7215984407500746
2025-03-27 01:49:37.281027,nursery,DecisionTree,training_utility_sampling,0,3,61,0.6866718220046817
2025-03-27 01:49:39.751517,nursery,DecisionTree,training_utility_sampling,0,3,62,0.7383433792058104
2025-03-27 01:49:42.316984,nursery,DecisionTree,training_utility_sampling,0,3,63,0.7273636175176276
2025-03-27 01:49:44.640843,nursery,DecisionTree,training_utility_sampling,0,3,64,0.7176075607960852
2025-03-27 01:49:47.201132,nursery,DecisionTree,training_utility_sampling,0,3,65,0.7069815953871486
2025-03-27 01:49:49.702351,nursery,DecisionTree,training_utility_sampling,0,3,66,0.6624877681113877
2025-03-27 01:49:52.151178,nursery,DecisionTree,training_utility_sampling,0,3,67,0.7184156797273846
2025-03-27 01:49:54.419411,nursery,DecisionTree,training_utility_sampling,0,3,68,0.715959591196822
2025-03-27 01:49:57.012718,nursery,DecisionTree,training_utility_sampling,0,3,69,0.7045834635849338
2025-03-27 01:49:59.523890,nursery,DecisionTree,training_utility_sampling,0,3,70,0.7181890267118909
2025-03-27 01:50:02.092275,nursery,DecisionTree,training_utility_sampling,0,3,71,0.7085581114606065
2025-03-27 01:50:04.455999,nursery,DecisionTree,training_utility_sampling,0,3,72,0.6982529940824687
2025-03-27 01:50:07.058467,nursery,DecisionTree,training_utility_sampling,0,3,73,0.6900505037657689
2025-03-27 01:50:09.498864,nursery,DecisionTree,training_utility_sampling,0,3,74,0.7191147548132482
2025-03-27 01:50:11.953264,nursery,DecisionTree,training_utility_sampling,0,3,75,0.7205869297789502
2025-03-27 01:50:14.153050,nursery,DecisionTree,training_utility_sampling,0,3,76,0.6546760338391824
2025-03-27 01:50:16.499027,nursery,DecisionTree,training_utility_sampling,0,3,77,0.7009374494943932
2025-03-27 01:50:18.778549,nursery,DecisionTree,training_utility_sampling,0,3,78,0.6889264963148654
2025-03-27 01:50:21.084217,nursery,DecisionTree,training_utility_sampling,0,3,79,0.704534033641415
2025-03-27 01:50:23.008798,nursery,DecisionTree,training_utility_sampling,0,3,80,0.6885669172873414
2025-03-27 01:50:25.036957,nursery,DecisionTree,training_utility_sampling,0,3,81,0.7270476668468273
2025-03-27 01:50:27.095300,nursery,DecisionTree,training_utility_sampling,0,3,82,0.7094035401044394
2025-03-27 01:50:29.260934,nursery,DecisionTree,training_utility_sampling,0,3,83,0.6865143154964798
2025-03-27 01:50:31.188201,nursery,DecisionTree,training_utility_sampling,0,3,84,0.713417899954117
2025-03-27 01:50:33.450373,nursery,DecisionTree,training_utility_sampling,0,3,85,0.7341305227430753
2025-03-27 01:50:35.670985,nursery,DecisionTree,training_utility_sampling,0,3,86,0.7141382509049569
2025-03-27 01:50:37.893998,nursery,DecisionTree,training_utility_sampling,0,3,87,0.7010336464002231
2025-03-27 01:50:39.981176,nursery,DecisionTree,training_utility_sampling,0,3,88,0.7285356486527557
2025-03-27 01:50:42.419211,nursery,DecisionTree,training_utility_sampling,0,3,89,0.7129307260221844
2025-03-27 01:50:44.743392,nursery,DecisionTree,training_utility_sampling,0,3,90,0.7256281453289639
2025-03-27 01:50:47.321296,nursery,DecisionTree,training_utility_sampling,0,3,91,0.7040942525100695
2025-03-27 01:50:49.854084,nursery,DecisionTree,training_utility_sampling,0,3,92,0.7009566016746811
2025-03-27 01:50:52.469479,nursery,DecisionTree,training_utility_sampling,0,3,93,0.7233775469946928
2025-03-27 01:50:54.955657,nursery,DecisionTree,training_utility_sampling,0,3,94,0.730835649060581
2025-03-27 01:50:57.652595,nursery,DecisionTree,training_utility_sampling,0,3,95,0.7137101502357686
2025-03-27 01:51:00.054865,nursery,DecisionTree,training_utility_sampling,0,3,96,0.7285047961333172
2025-03-27 01:51:02.530112,nursery,DecisionTree,training_utility_sampling,0,3,97,0.7282998101182203
2025-03-27 01:51:05.148447,nursery,DecisionTree,training_utility_sampling,0,3,98,0.7307397792019201
2025-03-27 01:51:07.792148,nursery,DecisionTree,training_utility_sampling,0,3,99,0.7084886562411965
2025-03-27 01:51:10.077718,nursery,DecisionTree,training_utility_sampling,0,3,100,0.6935687039518373
2025-03-27 01:51:10.086158,nursery,DecisionTree,training_utility_sampling,0,4,0,0.019145931963181484
2025-03-27 01:51:12.828546,nursery,DecisionTree,training_utility_sampling,0,4,1,0.08863308742076381
2025-03-27 01:51:15.275202,nursery,DecisionTree,training_utility_sampling,0,4,2,0.3521958627556676
2025-03-27 01:51:17.904990,nursery,DecisionTree,training_utility_sampling,0,4,3,0.3484766370273793
2025-03-27 01:51:20.077411,nursery,DecisionTree,training_utility_sampling,0,4,4,0.459033059050033
2025-03-27 01:51:22.616077,nursery,DecisionTree,training_utility_sampling,0,4,5,0.5056732460805384
2025-03-27 01:51:25.044628,nursery,DecisionTree,training_utility_sampling,0,4,6,0.4973565715422493
2025-03-27 01:51:27.582125,nursery,DecisionTree,training_utility_sampling,0,4,7,0.5144330350678321
2025-03-27 01:51:29.724805,nursery,DecisionTree,training_utility_sampling,0,4,8,0.4374891257102197
2025-03-27 01:51:32.077733,nursery,DecisionTree,training_utility_sampling,0,4,9,0.4416720221764068
2025-03-27 01:51:34.193175,nursery,DecisionTree,training_utility_sampling,0,4,10,0.4436432595111963
2025-03-27 01:51:36.430924,nursery,DecisionTree,training_utility_sampling,0,4,11,0.4283978005083364
2025-03-27 01:51:38.473086,nursery,DecisionTree,training_utility_sampling,0,4,12,0.5207214610884633
2025-03-27 01:51:40.830869,nursery,DecisionTree,training_utility_sampling,0,4,13,0.5215010875093331
2025-03-27 01:51:43.077171,nursery,DecisionTree,training_utility_sampling,0,4,14,0.5008292350001864
2025-03-27 01:51:45.417788,nursery,DecisionTree,training_utility_sampling,0,4,15,0.4956195826441562
2025-03-27 01:51:47.530837,nursery,DecisionTree,training_utility_sampling,0,4,16,0.4925929759252631
2025-03-27 01:51:49.986922,nursery,DecisionTree,training_utility_sampling,0,4,17,0.44970949813398153
2025-03-27 01:51:52.425225,nursery,DecisionTree,training_utility_sampling,0,4,18,0.4414562796998631
2025-03-27 01:51:54.977935,nursery,DecisionTree,training_utility_sampling,0,4,19,0.6600024473970644
2025-03-27 01:51:57.198771,nursery,DecisionTree,training_utility_sampling,0,4,20,0.6483502163819295
2025-03-27 01:51:59.631967,nursery,DecisionTree,training_utility_sampling,0,4,21,0.43918199588396456
2025-03-27 01:52:02.101261,nursery,DecisionTree,training_utility_sampling,0,4,22,0.6512142756129231
2025-03-27 01:52:04.676987,nursery,DecisionTree,training_utility_sampling,0,4,23,0.670877934838576
2025-03-27 01:52:07.027804,nursery,DecisionTree,training_utility_sampling,0,4,24,0.6483502163819295
2025-03-27 01:52:09.625969,nursery,DecisionTree,training_utility_sampling,0,4,25,0.6585180197324121
2025-03-27 01:52:12.083466,nursery,DecisionTree,training_utility_sampling,0,4,26,0.6483502163819295
2025-03-27 01:52:14.673883,nursery,DecisionTree,training_utility_sampling,0,4,27,0.6503805809877843
2025-03-27 01:52:17.190532,nursery,DecisionTree,training_utility_sampling,0,4,28,0.7717110542315104
2025-03-27 01:52:19.801218,nursery,DecisionTree,training_utility_sampling,0,4,29,0.7501604850175269
2025-03-27 01:52:22.296473,nursery,DecisionTree,training_utility_sampling,0,4,30,0.6902691944230651
2025-03-27 01:52:24.765666,nursery,DecisionTree,training_utility_sampling,0,4,31,0.7079677882403241
2025-03-27 01:52:26.984745,nursery,DecisionTree,training_utility_sampling,0,4,32,0.7462758040621555
2025-03-27 01:52:29.528425,nursery,DecisionTree,training_utility_sampling,0,4,33,0.7619758236614809
2025-03-27 01:52:31.952062,nursery,DecisionTree,training_utility_sampling,0,4,34,0.7292153399054078
2025-03-27 01:52:34.527943,nursery,DecisionTree,training_utility_sampling,0,4,35,0.7405758395566039
2025-03-27 01:52:36.617476,nursery,DecisionTree,training_utility_sampling,0,4,36,0.7269542345113728
2025-03-27 01:52:38.877270,nursery,DecisionTree,training_utility_sampling,0,4,37,0.759572708939932
2025-03-27 01:52:40.944788,nursery,DecisionTree,training_utility_sampling,0,4,38,0.7274375858418453
2025-03-27 01:52:43.031833,nursery,DecisionTree,training_utility_sampling,0,4,39,0.7488067026227991
2025-03-27 01:52:44.913254,nursery,DecisionTree,training_utility_sampling,0,4,40,0.7212891837622563
2025-03-27 01:52:47.069920,nursery,DecisionTree,training_utility_sampling,0,4,41,0.7451132563555012
2025-03-27 01:52:49.119850,nursery,DecisionTree,training_utility_sampling,0,4,42,0.7343306156127963
2025-03-27 01:52:51.285742,nursery,DecisionTree,training_utility_sampling,0,4,43,0.7535305672755581
2025-03-27 01:52:53.297792,nursery,DecisionTree,training_utility_sampling,0,4,44,0.7527170033257666
2025-03-27 01:52:55.526402,nursery,DecisionTree,training_utility_sampling,0,4,45,0.7641994436385682
2025-03-27 01:52:57.811009,nursery,DecisionTree,training_utility_sampling,0,4,46,0.7893252019517414
2025-03-27 01:53:00.303358,nursery,DecisionTree,training_utility_sampling,0,4,47,0.7223440276604718
2025-03-27 01:53:02.643330,nursery,DecisionTree,training_utility_sampling,0,4,48,0.751806638917066
2025-03-27 01:53:05.263918,nursery,DecisionTree,training_utility_sampling,0,4,49,0.7347200168569343
2025-03-27 01:53:07.682194,nursery,DecisionTree,training_utility_sampling,0,4,50,0.7468491347180856
2025-03-27 01:53:10.184495,nursery,DecisionTree,training_utility_sampling,0,4,51,0.7210637143825331
2025-03-27 01:53:12.402239,nursery,DecisionTree,training_utility_sampling,0,4,52,0.7261893876528855
2025-03-27 01:53:14.949374,nursery,DecisionTree,training_utility_sampling,0,4,53,0.7876282533079303
2025-03-27 01:53:17.423599,nursery,DecisionTree,training_utility_sampling,0,4,54,0.715287722439512
2025-03-27 01:53:20.004360,nursery,DecisionTree,training_utility_sampling,0,4,55,0.7534034657434262
2025-03-27 01:53:22.257027,nursery,DecisionTree,training_utility_sampling,0,4,56,0.7023052920712851
2025-03-27 01:53:24.786364,nursery,DecisionTree,training_utility_sampling,0,4,57,0.719198396998723
2025-03-27 01:53:27.097237,nursery,DecisionTree,training_utility_sampling,0,4,58,0.7260248231281652
2025-03-27 01:53:29.606698,nursery,DecisionTree,training_utility_sampling,0,4,59,0.7081270493211236
2025-03-27 01:53:32.192910,nursery,DecisionTree,training_utility_sampling,0,4,60,0.7136385623574757
2025-03-27 01:53:34.778876,nursery,DecisionTree,training_utility_sampling,0,4,61,0.71302883655637
2025-03-27 01:53:37.256428,nursery,DecisionTree,training_utility_sampling,0,4,62,0.7310483835378044
2025-03-27 01:53:39.798788,nursery,DecisionTree,training_utility_sampling,0,4,63,0.7469245379155398
2025-03-27 01:53:42.084970,nursery,DecisionTree,training_utility_sampling,0,4,64,0.7053683620571257
2025-03-27 01:53:44.589526,nursery,DecisionTree,training_utility_sampling,0,4,65,0.7253360881637247
2025-03-27 01:53:46.799013,nursery,DecisionTree,training_utility_sampling,0,4,66,0.7044985335760301
2025-03-27 01:53:48.949099,nursery,DecisionTree,training_utility_sampling,0,4,67,0.7455744595027363
2025-03-27 01:53:50.912796,nursery,DecisionTree,training_utility_sampling,0,4,68,0.7341717938089005
2025-03-27 01:53:53.232068,nursery,DecisionTree,training_utility_sampling,0,4,69,0.7249663399734493
2025-03-27 01:53:55.470378,nursery,DecisionTree,training_utility_sampling,0,4,70,0.7230530156876791
2025-03-27 01:53:57.833527,nursery,DecisionTree,training_utility_sampling,0,4,71,0.7186006970356751
2025-03-27 01:54:00.005748,nursery,DecisionTree,training_utility_sampling,0,4,72,0.7434905489148754
2025-03-27 01:54:02.349308,nursery,DecisionTree,training_utility_sampling,0,4,73,0.7330603702453284
2025-03-27 01:54:04.753599,nursery,DecisionTree,training_utility_sampling,0,4,74,0.7364661468667217
2025-03-27 01:54:07.355130,nursery,DecisionTree,training_utility_sampling,0,4,75,0.743128704111306
2025-03-27 01:54:09.776855,nursery,DecisionTree,training_utility_sampling,0,4,76,0.7257554421847227
2025-03-27 01:54:12.430825,nursery,DecisionTree,training_utility_sampling,0,4,77,0.7393068537139365
2025-03-27 01:54:14.996439,nursery,DecisionTree,training_utility_sampling,0,4,78,0.7279667624819367
2025-03-27 01:54:17.781785,nursery,DecisionTree,training_utility_sampling,0,4,79,0.73746778347756
2025-03-27 01:54:20.199440,nursery,DecisionTree,training_utility_sampling,0,4,80,0.7248371349710819
2025-03-27 01:54:22.845497,nursery,DecisionTree,training_utility_sampling,0,4,81,0.686722832462408
2025-03-27 01:54:25.416859,nursery,DecisionTree,training_utility_sampling,0,4,82,0.6987117517863795
2025-03-27 01:54:28.124211,nursery,DecisionTree,training_utility_sampling,0,4,83,0.6895268574283766
2025-03-27 01:54:30.407362,nursery,DecisionTree,training_utility_sampling,0,4,84,0.6870742794869963
2025-03-27 01:54:32.865478,nursery,DecisionTree,training_utility_sampling,0,4,85,0.6853829496903514
2025-03-27 01:54:35.369037,nursery,DecisionTree,training_utility_sampling,0,4,86,0.7059436038002176
2025-03-27 01:54:38.017353,nursery,DecisionTree,training_utility_sampling,0,4,87,0.688813480694309
2025-03-27 01:54:40.446784,nursery,DecisionTree,training_utility_sampling,0,4,88,0.7068361295949309
2025-03-27 01:54:43.109582,nursery,DecisionTree,training_utility_sampling,0,4,89,0.7761728006142219
2025-03-27 01:54:45.650492,nursery,DecisionTree,training_utility_sampling,0,4,90,0.7632204031428762
2025-03-27 01:54:48.249704,nursery,DecisionTree,training_utility_sampling,0,4,91,0.7653301778741752
2025-03-27 01:54:50.659617,nursery,DecisionTree,training_utility_sampling,0,4,92,0.7483733404538547
2025-03-27 01:54:53.018269,nursery,DecisionTree,training_utility_sampling,0,4,93,0.7381851310649472
2025-03-27 01:54:55.175155,nursery,DecisionTree,training_utility_sampling,0,4,94,0.7404306428310328
2025-03-27 01:54:57.376245,nursery,DecisionTree,training_utility_sampling,0,4,95,0.7080381308816164
2025-03-27 01:54:59.354125,nursery,DecisionTree,training_utility_sampling,0,4,96,0.7032675342146794
2025-03-27 01:55:01.481704,nursery,DecisionTree,training_utility_sampling,0,4,97,0.6920768516593558
2025-03-27 01:55:03.665652,nursery,DecisionTree,training_utility_sampling,0,4,98,0.7047030454070582
2025-03-27 01:55:05.933833,nursery,DecisionTree,training_utility_sampling,0,4,99,0.715668756139342
2025-03-27 01:55:07.920887,nursery,DecisionTree,training_utility_sampling,0,4,100,0.7215360793056596
