time,dataset,classifier,method,run,fold,query,kappa
2025-03-27 12:54:35.466610,ozone-eighthr,SVC,class_likelihood_sampling,0,0,0,0.0
2025-03-27 12:54:35.491759,ozone-eighthr,SVC,class_likelihood_sampling,0,0,1,0.0
2025-03-27 12:54:35.516955,ozone-eighthr,SVC,class_likelihood_sampling,0,0,2,0.0
2025-03-27 12:54:35.542524,ozone-eighthr,SVC,class_likelihood_sampling,0,0,3,0.0
2025-03-27 12:54:35.567738,ozone-eighthr,SVC,class_likelihood_sampling,0,0,4,0.0
2025-03-27 12:54:35.593133,ozone-eighthr,SVC,class_likelihood_sampling,0,0,5,0.0
2025-03-27 12:54:35.618664,ozone-eighthr,SVC,class_likelihood_sampling,0,0,6,0.0
2025-03-27 12:54:35.644117,ozone-eighthr,SVC,class_likelihood_sampling,0,0,7,0.0
2025-03-27 12:54:35.669111,ozone-eighthr,SVC,class_likelihood_sampling,0,0,8,0.0
2025-03-27 12:54:35.693634,ozone-eighthr,SVC,class_likelihood_sampling,0,0,9,0.0
2025-03-27 12:54:35.718435,ozone-eighthr,SVC,class_likelihood_sampling,0,0,10,0.0
2025-03-27 12:54:35.743844,ozone-eighthr,SVC,class_likelihood_sampling,0,0,11,0.0
2025-03-27 12:54:35.774068,ozone-eighthr,SVC,class_likelihood_sampling,0,0,12,0.0
2025-03-27 12:54:35.812065,ozone-eighthr,SVC,class_likelihood_sampling,0,0,13,0.0
2025-03-27 12:54:35.838202,ozone-eighthr,SVC,class_likelihood_sampling,0,0,14,0.0
2025-03-27 12:54:35.864216,ozone-eighthr,SVC,class_likelihood_sampling,0,0,15,0.0
2025-03-27 12:54:35.890635,ozone-eighthr,SVC,class_likelihood_sampling,0,0,16,0.0
2025-03-27 12:54:35.916838,ozone-eighthr,SVC,class_likelihood_sampling,0,0,17,0.0
2025-03-27 12:54:35.943027,ozone-eighthr,SVC,class_likelihood_sampling,0,0,18,0.0
2025-03-27 12:54:35.967671,ozone-eighthr,SVC,class_likelihood_sampling,0,0,19,0.0
2025-03-27 12:54:35.992670,ozone-eighthr,SVC,class_likelihood_sampling,0,0,20,0.0
2025-03-27 12:54:36.017900,ozone-eighthr,SVC,class_likelihood_sampling,0,0,21,0.0
2025-03-27 12:54:36.043062,ozone-eighthr,SVC,class_likelihood_sampling,0,0,22,0.0
2025-03-27 12:54:36.069719,ozone-eighthr,SVC,class_likelihood_sampling,0,0,23,0.0
2025-03-27 12:54:36.101192,ozone-eighthr,SVC,class_likelihood_sampling,0,0,24,0.0
2025-03-27 12:54:36.128813,ozone-eighthr,SVC,class_likelihood_sampling,0,0,25,0.0
2025-03-27 12:54:36.155884,ozone-eighthr,SVC,class_likelihood_sampling,0,0,26,0.0
2025-03-27 12:54:36.182044,ozone-eighthr,SVC,class_likelihood_sampling,0,0,27,0.0
2025-03-27 12:54:36.208181,ozone-eighthr,SVC,class_likelihood_sampling,0,0,28,0.0
2025-03-27 12:54:36.233420,ozone-eighthr,SVC,class_likelihood_sampling,0,0,29,0.0
2025-03-27 12:54:36.258915,ozone-eighthr,SVC,class_likelihood_sampling,0,0,30,0.0
2025-03-27 12:54:36.284989,ozone-eighthr,SVC,class_likelihood_sampling,0,0,31,0.0
2025-03-27 12:54:36.311245,ozone-eighthr,SVC,class_likelihood_sampling,0,0,32,0.0
2025-03-27 12:54:36.337725,ozone-eighthr,SVC,class_likelihood_sampling,0,0,33,0.0
2025-03-27 12:54:36.364029,ozone-eighthr,SVC,class_likelihood_sampling,0,0,34,0.0
2025-03-27 12:54:36.390110,ozone-eighthr,SVC,class_likelihood_sampling,0,0,35,0.0
2025-03-27 12:54:36.416771,ozone-eighthr,SVC,class_likelihood_sampling,0,0,36,0.0
2025-03-27 12:54:36.442454,ozone-eighthr,SVC,class_likelihood_sampling,0,0,37,0.0
2025-03-27 12:54:36.467930,ozone-eighthr,SVC,class_likelihood_sampling,0,0,38,0.0
2025-03-27 12:54:36.494289,ozone-eighthr,SVC,class_likelihood_sampling,0,0,39,0.0
2025-03-27 12:54:36.541982,ozone-eighthr,SVC,class_likelihood_sampling,0,0,40,0.0
2025-03-27 12:54:36.567745,ozone-eighthr,SVC,class_likelihood_sampling,0,0,41,0.0
2025-03-27 12:54:36.593751,ozone-eighthr,SVC,class_likelihood_sampling,0,0,42,0.0
2025-03-27 12:54:36.619596,ozone-eighthr,SVC,class_likelihood_sampling,0,0,43,0.0
2025-03-27 12:54:36.646144,ozone-eighthr,SVC,class_likelihood_sampling,0,0,44,0.0
2025-03-27 12:54:36.675807,ozone-eighthr,SVC,class_likelihood_sampling,0,0,45,0.0
2025-03-27 12:54:36.701615,ozone-eighthr,SVC,class_likelihood_sampling,0,0,46,0.0
2025-03-27 12:54:36.726958,ozone-eighthr,SVC,class_likelihood_sampling,0,0,47,0.0
2025-03-27 12:54:36.752353,ozone-eighthr,SVC,class_likelihood_sampling,0,0,48,0.0
2025-03-27 12:54:36.777118,ozone-eighthr,SVC,class_likelihood_sampling,0,0,49,0.0
2025-03-27 12:54:36.802354,ozone-eighthr,SVC,class_likelihood_sampling,0,0,50,0.0
2025-03-27 12:54:36.827820,ozone-eighthr,SVC,class_likelihood_sampling,0,0,51,0.0
2025-03-27 12:54:36.853682,ozone-eighthr,SVC,class_likelihood_sampling,0,0,52,0.0
2025-03-27 12:54:36.879370,ozone-eighthr,SVC,class_likelihood_sampling,0,0,53,0.0
2025-03-27 12:54:36.905420,ozone-eighthr,SVC,class_likelihood_sampling,0,0,54,0.0
2025-03-27 12:54:36.931195,ozone-eighthr,SVC,class_likelihood_sampling,0,0,55,0.0
2025-03-27 12:54:36.957429,ozone-eighthr,SVC,class_likelihood_sampling,0,0,56,0.0
2025-03-27 12:54:36.982622,ozone-eighthr,SVC,class_likelihood_sampling,0,0,57,0.0
2025-03-27 12:54:37.007685,ozone-eighthr,SVC,class_likelihood_sampling,0,0,58,0.0
2025-03-27 12:54:37.033051,ozone-eighthr,SVC,class_likelihood_sampling,0,0,59,0.0
2025-03-27 12:54:37.058766,ozone-eighthr,SVC,class_likelihood_sampling,0,0,60,0.0
2025-03-27 12:54:37.084489,ozone-eighthr,SVC,class_likelihood_sampling,0,0,61,0.0
2025-03-27 12:54:37.111102,ozone-eighthr,SVC,class_likelihood_sampling,0,0,62,0.0
2025-03-27 12:54:37.137861,ozone-eighthr,SVC,class_likelihood_sampling,0,0,63,0.0
2025-03-27 12:54:37.166206,ozone-eighthr,SVC,class_likelihood_sampling,0,0,64,0.0
2025-03-27 12:54:37.198578,ozone-eighthr,SVC,class_likelihood_sampling,0,0,65,0.0
2025-03-27 12:54:37.230936,ozone-eighthr,SVC,class_likelihood_sampling,0,0,66,0.0
2025-03-27 12:54:37.263624,ozone-eighthr,SVC,class_likelihood_sampling,0,0,67,0.0
2025-03-27 12:54:37.291080,ozone-eighthr,SVC,class_likelihood_sampling,0,0,68,0.0
2025-03-27 12:54:37.316820,ozone-eighthr,SVC,class_likelihood_sampling,0,0,69,0.0
2025-03-27 12:54:37.342862,ozone-eighthr,SVC,class_likelihood_sampling,0,0,70,0.0
2025-03-27 12:54:37.369315,ozone-eighthr,SVC,class_likelihood_sampling,0,0,71,0.0
2025-03-27 12:54:37.396596,ozone-eighthr,SVC,class_likelihood_sampling,0,0,72,0.0
2025-03-27 12:54:37.424633,ozone-eighthr,SVC,class_likelihood_sampling,0,0,73,0.0
2025-03-27 12:54:37.452541,ozone-eighthr,SVC,class_likelihood_sampling,0,0,74,0.0
2025-03-27 12:54:37.479508,ozone-eighthr,SVC,class_likelihood_sampling,0,0,75,0.0
2025-03-27 12:54:37.505547,ozone-eighthr,SVC,class_likelihood_sampling,0,0,76,0.0
2025-03-27 12:54:37.531579,ozone-eighthr,SVC,class_likelihood_sampling,0,0,77,0.0
2025-03-27 12:54:37.557083,ozone-eighthr,SVC,class_likelihood_sampling,0,0,78,0.0
2025-03-27 12:54:37.582919,ozone-eighthr,SVC,class_likelihood_sampling,0,0,79,0.0
2025-03-27 12:54:37.608656,ozone-eighthr,SVC,class_likelihood_sampling,0,0,80,0.0
2025-03-27 12:54:37.635180,ozone-eighthr,SVC,class_likelihood_sampling,0,0,81,0.0
2025-03-27 12:54:37.662535,ozone-eighthr,SVC,class_likelihood_sampling,0,0,82,0.0
2025-03-27 12:54:37.690622,ozone-eighthr,SVC,class_likelihood_sampling,0,0,83,0.0
2025-03-27 12:54:37.718821,ozone-eighthr,SVC,class_likelihood_sampling,0,0,84,0.0
2025-03-27 12:54:37.746876,ozone-eighthr,SVC,class_likelihood_sampling,0,0,85,0.0
2025-03-27 12:54:37.775229,ozone-eighthr,SVC,class_likelihood_sampling,0,0,86,0.0
2025-03-27 12:54:37.802777,ozone-eighthr,SVC,class_likelihood_sampling,0,0,87,0.0
2025-03-27 12:54:37.829886,ozone-eighthr,SVC,class_likelihood_sampling,0,0,88,0.0
2025-03-27 12:54:37.857315,ozone-eighthr,SVC,class_likelihood_sampling,0,0,89,0.0
2025-03-27 12:54:37.887371,ozone-eighthr,SVC,class_likelihood_sampling,0,0,90,0.0
2025-03-27 12:54:37.920779,ozone-eighthr,SVC,class_likelihood_sampling,0,0,91,0.0
2025-03-27 12:54:37.949414,ozone-eighthr,SVC,class_likelihood_sampling,0,0,92,0.0
2025-03-27 12:54:37.984141,ozone-eighthr,SVC,class_likelihood_sampling,0,0,93,0.0
2025-03-27 12:54:38.015628,ozone-eighthr,SVC,class_likelihood_sampling,0,0,94,0.0
2025-03-27 12:54:38.043273,ozone-eighthr,SVC,class_likelihood_sampling,0,0,95,0.0
2025-03-27 12:54:38.071478,ozone-eighthr,SVC,class_likelihood_sampling,0,0,96,0.0
2025-03-27 12:54:38.100335,ozone-eighthr,SVC,class_likelihood_sampling,0,0,97,0.0
2025-03-27 12:54:38.129744,ozone-eighthr,SVC,class_likelihood_sampling,0,0,98,0.0
2025-03-27 12:54:38.158898,ozone-eighthr,SVC,class_likelihood_sampling,0,0,99,0.0
2025-03-27 12:54:38.188590,ozone-eighthr,SVC,class_likelihood_sampling,0,0,100,0.0
2025-03-27 12:54:38.193604,ozone-eighthr,SVC,class_likelihood_sampling,0,1,0,0.0
2025-03-27 12:54:38.218547,ozone-eighthr,SVC,class_likelihood_sampling,0,1,1,0.0
2025-03-27 12:54:38.243565,ozone-eighthr,SVC,class_likelihood_sampling,0,1,2,0.0
2025-03-27 12:54:38.268318,ozone-eighthr,SVC,class_likelihood_sampling,0,1,3,0.0
2025-03-27 12:54:38.293059,ozone-eighthr,SVC,class_likelihood_sampling,0,1,4,0.0
2025-03-27 12:54:38.317352,ozone-eighthr,SVC,class_likelihood_sampling,0,1,5,0.0
2025-03-27 12:54:38.341536,ozone-eighthr,SVC,class_likelihood_sampling,0,1,6,0.0
2025-03-27 12:54:38.365481,ozone-eighthr,SVC,class_likelihood_sampling,0,1,7,0.0
2025-03-27 12:54:38.389888,ozone-eighthr,SVC,class_likelihood_sampling,0,1,8,0.0
2025-03-27 12:54:38.414155,ozone-eighthr,SVC,class_likelihood_sampling,0,1,9,0.0
2025-03-27 12:54:38.438663,ozone-eighthr,SVC,class_likelihood_sampling,0,1,10,0.0
2025-03-27 12:54:38.463058,ozone-eighthr,SVC,class_likelihood_sampling,0,1,11,0.0
2025-03-27 12:54:38.488357,ozone-eighthr,SVC,class_likelihood_sampling,0,1,12,0.0
2025-03-27 12:54:38.513570,ozone-eighthr,SVC,class_likelihood_sampling,0,1,13,0.0
2025-03-27 12:54:38.540713,ozone-eighthr,SVC,class_likelihood_sampling,0,1,14,0.0
2025-03-27 12:54:38.569550,ozone-eighthr,SVC,class_likelihood_sampling,0,1,15,0.0
2025-03-27 12:54:38.597325,ozone-eighthr,SVC,class_likelihood_sampling,0,1,16,0.0
2025-03-27 12:54:38.621286,ozone-eighthr,SVC,class_likelihood_sampling,0,1,17,0.0
2025-03-27 12:54:38.646023,ozone-eighthr,SVC,class_likelihood_sampling,0,1,18,0.0
2025-03-27 12:54:38.674131,ozone-eighthr,SVC,class_likelihood_sampling,0,1,19,0.0
2025-03-27 12:54:38.704322,ozone-eighthr,SVC,class_likelihood_sampling,0,1,20,0.0
2025-03-27 12:54:38.729950,ozone-eighthr,SVC,class_likelihood_sampling,0,1,21,0.0
2025-03-27 12:54:38.755537,ozone-eighthr,SVC,class_likelihood_sampling,0,1,22,0.0
2025-03-27 12:54:38.780635,ozone-eighthr,SVC,class_likelihood_sampling,0,1,23,0.0
2025-03-27 12:54:38.805617,ozone-eighthr,SVC,class_likelihood_sampling,0,1,24,0.0
2025-03-27 12:54:38.830870,ozone-eighthr,SVC,class_likelihood_sampling,0,1,25,0.0
2025-03-27 12:54:38.855924,ozone-eighthr,SVC,class_likelihood_sampling,0,1,26,0.0
2025-03-27 12:54:38.880848,ozone-eighthr,SVC,class_likelihood_sampling,0,1,27,0.0
2025-03-27 12:54:38.905856,ozone-eighthr,SVC,class_likelihood_sampling,0,1,28,0.0
2025-03-27 12:54:38.931157,ozone-eighthr,SVC,class_likelihood_sampling,0,1,29,0.0
2025-03-27 12:54:38.956998,ozone-eighthr,SVC,class_likelihood_sampling,0,1,30,0.0
2025-03-27 12:54:38.983349,ozone-eighthr,SVC,class_likelihood_sampling,0,1,31,0.0
2025-03-27 12:54:39.008733,ozone-eighthr,SVC,class_likelihood_sampling,0,1,32,0.0
2025-03-27 12:54:39.033144,ozone-eighthr,SVC,class_likelihood_sampling,0,1,33,0.0
2025-03-27 12:54:39.057475,ozone-eighthr,SVC,class_likelihood_sampling,0,1,34,0.0
2025-03-27 12:54:39.082300,ozone-eighthr,SVC,class_likelihood_sampling,0,1,35,0.0
2025-03-27 12:54:39.110603,ozone-eighthr,SVC,class_likelihood_sampling,0,1,36,0.0
2025-03-27 12:54:39.137056,ozone-eighthr,SVC,class_likelihood_sampling,0,1,37,0.0
2025-03-27 12:54:39.161492,ozone-eighthr,SVC,class_likelihood_sampling,0,1,38,0.0
2025-03-27 12:54:39.186506,ozone-eighthr,SVC,class_likelihood_sampling,0,1,39,0.0
2025-03-27 12:54:39.212076,ozone-eighthr,SVC,class_likelihood_sampling,0,1,40,0.0
2025-03-27 12:54:39.237764,ozone-eighthr,SVC,class_likelihood_sampling,0,1,41,0.0
2025-03-27 12:54:39.263136,ozone-eighthr,SVC,class_likelihood_sampling,0,1,42,0.0
2025-03-27 12:54:39.287853,ozone-eighthr,SVC,class_likelihood_sampling,0,1,43,0.0
2025-03-27 12:54:39.311856,ozone-eighthr,SVC,class_likelihood_sampling,0,1,44,0.0
2025-03-27 12:54:39.338336,ozone-eighthr,SVC,class_likelihood_sampling,0,1,45,0.0
2025-03-27 12:54:39.368216,ozone-eighthr,SVC,class_likelihood_sampling,0,1,46,0.0
2025-03-27 12:54:39.391894,ozone-eighthr,SVC,class_likelihood_sampling,0,1,47,0.0
2025-03-27 12:54:39.415451,ozone-eighthr,SVC,class_likelihood_sampling,0,1,48,0.0
2025-03-27 12:54:39.439477,ozone-eighthr,SVC,class_likelihood_sampling,0,1,49,0.0
2025-03-27 12:54:39.464630,ozone-eighthr,SVC,class_likelihood_sampling,0,1,50,0.0
2025-03-27 12:54:39.490301,ozone-eighthr,SVC,class_likelihood_sampling,0,1,51,0.0
2025-03-27 12:54:39.515456,ozone-eighthr,SVC,class_likelihood_sampling,0,1,52,0.0
2025-03-27 12:54:39.540119,ozone-eighthr,SVC,class_likelihood_sampling,0,1,53,0.0
2025-03-27 12:54:39.564220,ozone-eighthr,SVC,class_likelihood_sampling,0,1,54,0.0
2025-03-27 12:54:39.588066,ozone-eighthr,SVC,class_likelihood_sampling,0,1,55,0.0
2025-03-27 12:54:39.611584,ozone-eighthr,SVC,class_likelihood_sampling,0,1,56,0.0
2025-03-27 12:54:39.635773,ozone-eighthr,SVC,class_likelihood_sampling,0,1,57,0.0
2025-03-27 12:54:39.663267,ozone-eighthr,SVC,class_likelihood_sampling,0,1,58,0.0
2025-03-27 12:54:39.689536,ozone-eighthr,SVC,class_likelihood_sampling,0,1,59,0.0
2025-03-27 12:54:39.713045,ozone-eighthr,SVC,class_likelihood_sampling,0,1,60,0.0
2025-03-27 12:54:39.738361,ozone-eighthr,SVC,class_likelihood_sampling,0,1,61,0.0
2025-03-27 12:54:39.763637,ozone-eighthr,SVC,class_likelihood_sampling,0,1,62,0.0
2025-03-27 12:54:39.788855,ozone-eighthr,SVC,class_likelihood_sampling,0,1,63,0.0
2025-03-27 12:54:39.813708,ozone-eighthr,SVC,class_likelihood_sampling,0,1,64,0.0
2025-03-27 12:54:39.838044,ozone-eighthr,SVC,class_likelihood_sampling,0,1,65,0.0
2025-03-27 12:54:39.862148,ozone-eighthr,SVC,class_likelihood_sampling,0,1,66,0.0
2025-03-27 12:54:39.885771,ozone-eighthr,SVC,class_likelihood_sampling,0,1,67,0.0
2025-03-27 12:54:39.908812,ozone-eighthr,SVC,class_likelihood_sampling,0,1,68,0.0
2025-03-27 12:54:39.931868,ozone-eighthr,SVC,class_likelihood_sampling,0,1,69,0.0
2025-03-27 12:54:39.954848,ozone-eighthr,SVC,class_likelihood_sampling,0,1,70,0.0
2025-03-27 12:54:39.978903,ozone-eighthr,SVC,class_likelihood_sampling,0,1,71,0.0
2025-03-27 12:54:40.003803,ozone-eighthr,SVC,class_likelihood_sampling,0,1,72,0.0
2025-03-27 12:54:40.029645,ozone-eighthr,SVC,class_likelihood_sampling,0,1,73,0.0
2025-03-27 12:54:40.055704,ozone-eighthr,SVC,class_likelihood_sampling,0,1,74,0.0
2025-03-27 12:54:40.081244,ozone-eighthr,SVC,class_likelihood_sampling,0,1,75,0.0
2025-03-27 12:54:40.106594,ozone-eighthr,SVC,class_likelihood_sampling,0,1,76,0.0
2025-03-27 12:54:40.132370,ozone-eighthr,SVC,class_likelihood_sampling,0,1,77,0.0
2025-03-27 12:54:40.159043,ozone-eighthr,SVC,class_likelihood_sampling,0,1,78,0.0
2025-03-27 12:54:40.185884,ozone-eighthr,SVC,class_likelihood_sampling,0,1,79,0.0
2025-03-27 12:54:40.212601,ozone-eighthr,SVC,class_likelihood_sampling,0,1,80,0.0
2025-03-27 12:54:40.240307,ozone-eighthr,SVC,class_likelihood_sampling,0,1,81,0.0
2025-03-27 12:54:40.274484,ozone-eighthr,SVC,class_likelihood_sampling,0,1,82,0.0
2025-03-27 12:54:40.311057,ozone-eighthr,SVC,class_likelihood_sampling,0,1,83,0.0
2025-03-27 12:54:40.347616,ozone-eighthr,SVC,class_likelihood_sampling,0,1,84,0.0
2025-03-27 12:54:40.377512,ozone-eighthr,SVC,class_likelihood_sampling,0,1,85,0.0
2025-03-27 12:54:40.406566,ozone-eighthr,SVC,class_likelihood_sampling,0,1,86,0.0
2025-03-27 12:54:40.434335,ozone-eighthr,SVC,class_likelihood_sampling,0,1,87,0.0
2025-03-27 12:54:40.462567,ozone-eighthr,SVC,class_likelihood_sampling,0,1,88,0.0
2025-03-27 12:54:40.491098,ozone-eighthr,SVC,class_likelihood_sampling,0,1,89,0.0
2025-03-27 12:54:40.519996,ozone-eighthr,SVC,class_likelihood_sampling,0,1,90,0.0
2025-03-27 12:54:40.550468,ozone-eighthr,SVC,class_likelihood_sampling,0,1,91,0.0
2025-03-27 12:54:40.581573,ozone-eighthr,SVC,class_likelihood_sampling,0,1,92,0.0
2025-03-27 12:54:40.613134,ozone-eighthr,SVC,class_likelihood_sampling,0,1,93,0.0
2025-03-27 12:54:40.645017,ozone-eighthr,SVC,class_likelihood_sampling,0,1,94,0.0
2025-03-27 12:54:40.676122,ozone-eighthr,SVC,class_likelihood_sampling,0,1,95,0.0
2025-03-27 12:54:40.707121,ozone-eighthr,SVC,class_likelihood_sampling,0,1,96,0.0
2025-03-27 12:54:40.738287,ozone-eighthr,SVC,class_likelihood_sampling,0,1,97,0.0
2025-03-27 12:54:40.771037,ozone-eighthr,SVC,class_likelihood_sampling,0,1,98,0.0
2025-03-27 12:54:40.803474,ozone-eighthr,SVC,class_likelihood_sampling,0,1,99,0.0
2025-03-27 12:54:40.836322,ozone-eighthr,SVC,class_likelihood_sampling,0,1,100,0.0
2025-03-27 12:54:40.841432,ozone-eighthr,SVC,class_likelihood_sampling,0,2,0,0.0
2025-03-27 12:54:40.865299,ozone-eighthr,SVC,class_likelihood_sampling,0,2,1,0.0
2025-03-27 12:54:40.889528,ozone-eighthr,SVC,class_likelihood_sampling,0,2,2,0.0
2025-03-27 12:54:40.914005,ozone-eighthr,SVC,class_likelihood_sampling,0,2,3,0.0
2025-03-27 12:54:40.938435,ozone-eighthr,SVC,class_likelihood_sampling,0,2,4,0.0
2025-03-27 12:54:40.963009,ozone-eighthr,SVC,class_likelihood_sampling,0,2,5,0.0
2025-03-27 12:54:40.988010,ozone-eighthr,SVC,class_likelihood_sampling,0,2,6,0.0
2025-03-27 12:54:41.012893,ozone-eighthr,SVC,class_likelihood_sampling,0,2,7,0.0
2025-03-27 12:54:41.038245,ozone-eighthr,SVC,class_likelihood_sampling,0,2,8,0.0
2025-03-27 12:54:41.063770,ozone-eighthr,SVC,class_likelihood_sampling,0,2,9,0.0
2025-03-27 12:54:41.089296,ozone-eighthr,SVC,class_likelihood_sampling,0,2,10,0.0
2025-03-27 12:54:41.113804,ozone-eighthr,SVC,class_likelihood_sampling,0,2,11,0.0
2025-03-27 12:54:41.140669,ozone-eighthr,SVC,class_likelihood_sampling,0,2,12,0.0
2025-03-27 12:54:41.170582,ozone-eighthr,SVC,class_likelihood_sampling,0,2,13,0.0
2025-03-27 12:54:41.200243,ozone-eighthr,SVC,class_likelihood_sampling,0,2,14,0.0
2025-03-27 12:54:41.225859,ozone-eighthr,SVC,class_likelihood_sampling,0,2,15,0.0
2025-03-27 12:54:41.250803,ozone-eighthr,SVC,class_likelihood_sampling,0,2,16,0.0
2025-03-27 12:54:41.275912,ozone-eighthr,SVC,class_likelihood_sampling,0,2,17,0.0
2025-03-27 12:54:41.302714,ozone-eighthr,SVC,class_likelihood_sampling,0,2,18,0.0
2025-03-27 12:54:41.330070,ozone-eighthr,SVC,class_likelihood_sampling,0,2,19,0.0
2025-03-27 12:54:41.357642,ozone-eighthr,SVC,class_likelihood_sampling,0,2,20,0.0
2025-03-27 12:54:41.385676,ozone-eighthr,SVC,class_likelihood_sampling,0,2,21,0.0
2025-03-27 12:54:41.411406,ozone-eighthr,SVC,class_likelihood_sampling,0,2,22,0.0
2025-03-27 12:54:41.436898,ozone-eighthr,SVC,class_likelihood_sampling,0,2,23,0.0
2025-03-27 12:54:41.461972,ozone-eighthr,SVC,class_likelihood_sampling,0,2,24,0.0
2025-03-27 12:54:41.487117,ozone-eighthr,SVC,class_likelihood_sampling,0,2,25,0.0
2025-03-27 12:54:41.513004,ozone-eighthr,SVC,class_likelihood_sampling,0,2,26,0.0
2025-03-27 12:54:41.540474,ozone-eighthr,SVC,class_likelihood_sampling,0,2,27,0.0
2025-03-27 12:54:41.569709,ozone-eighthr,SVC,class_likelihood_sampling,0,2,28,0.0
2025-03-27 12:54:41.597959,ozone-eighthr,SVC,class_likelihood_sampling,0,2,29,0.0
2025-03-27 12:54:41.626191,ozone-eighthr,SVC,class_likelihood_sampling,0,2,30,0.0
2025-03-27 12:54:41.653307,ozone-eighthr,SVC,class_likelihood_sampling,0,2,31,0.0
2025-03-27 12:54:41.681145,ozone-eighthr,SVC,class_likelihood_sampling,0,2,32,0.0
2025-03-27 12:54:41.709328,ozone-eighthr,SVC,class_likelihood_sampling,0,2,33,0.0
2025-03-27 12:54:41.735964,ozone-eighthr,SVC,class_likelihood_sampling,0,2,34,0.0
2025-03-27 12:54:41.762346,ozone-eighthr,SVC,class_likelihood_sampling,0,2,35,0.0
2025-03-27 12:54:41.790911,ozone-eighthr,SVC,class_likelihood_sampling,0,2,36,0.0
2025-03-27 12:54:41.824528,ozone-eighthr,SVC,class_likelihood_sampling,0,2,37,0.0
2025-03-27 12:54:41.852994,ozone-eighthr,SVC,class_likelihood_sampling,0,2,38,0.0
2025-03-27 12:54:41.881510,ozone-eighthr,SVC,class_likelihood_sampling,0,2,39,0.0
2025-03-27 12:54:41.909420,ozone-eighthr,SVC,class_likelihood_sampling,0,2,40,0.0
2025-03-27 12:54:41.937069,ozone-eighthr,SVC,class_likelihood_sampling,0,2,41,0.0
2025-03-27 12:54:41.964649,ozone-eighthr,SVC,class_likelihood_sampling,0,2,42,0.0
2025-03-27 12:54:41.991624,ozone-eighthr,SVC,class_likelihood_sampling,0,2,43,0.0
2025-03-27 12:54:42.017722,ozone-eighthr,SVC,class_likelihood_sampling,0,2,44,0.0
2025-03-27 12:54:42.043368,ozone-eighthr,SVC,class_likelihood_sampling,0,2,45,0.0
2025-03-27 12:54:42.072030,ozone-eighthr,SVC,class_likelihood_sampling,0,2,46,0.0
2025-03-27 12:54:42.104613,ozone-eighthr,SVC,class_likelihood_sampling,0,2,47,0.0
2025-03-27 12:54:42.132285,ozone-eighthr,SVC,class_likelihood_sampling,0,2,48,0.0
2025-03-27 12:54:42.160026,ozone-eighthr,SVC,class_likelihood_sampling,0,2,49,0.0
2025-03-27 12:54:42.188155,ozone-eighthr,SVC,class_likelihood_sampling,0,2,50,0.0
2025-03-27 12:54:42.216881,ozone-eighthr,SVC,class_likelihood_sampling,0,2,51,0.0
2025-03-27 12:54:42.244787,ozone-eighthr,SVC,class_likelihood_sampling,0,2,52,0.0
2025-03-27 12:54:42.271849,ozone-eighthr,SVC,class_likelihood_sampling,0,2,53,0.0
2025-03-27 12:54:42.298376,ozone-eighthr,SVC,class_likelihood_sampling,0,2,54,0.0
2025-03-27 12:54:42.329207,ozone-eighthr,SVC,class_likelihood_sampling,0,2,55,0.0
2025-03-27 12:54:42.359519,ozone-eighthr,SVC,class_likelihood_sampling,0,2,56,0.0
2025-03-27 12:54:42.386454,ozone-eighthr,SVC,class_likelihood_sampling,0,2,57,0.0
2025-03-27 12:54:42.413660,ozone-eighthr,SVC,class_likelihood_sampling,0,2,58,0.0
2025-03-27 12:54:42.442001,ozone-eighthr,SVC,class_likelihood_sampling,0,2,59,0.0
2025-03-27 12:54:42.470474,ozone-eighthr,SVC,class_likelihood_sampling,0,2,60,0.0
2025-03-27 12:54:42.498501,ozone-eighthr,SVC,class_likelihood_sampling,0,2,61,0.0
2025-03-27 12:54:42.525826,ozone-eighthr,SVC,class_likelihood_sampling,0,2,62,0.0
2025-03-27 12:54:42.552170,ozone-eighthr,SVC,class_likelihood_sampling,0,2,63,0.0
2025-03-27 12:54:42.578317,ozone-eighthr,SVC,class_likelihood_sampling,0,2,64,0.0
2025-03-27 12:54:42.604929,ozone-eighthr,SVC,class_likelihood_sampling,0,2,65,0.0
2025-03-27 12:54:42.631937,ozone-eighthr,SVC,class_likelihood_sampling,0,2,66,0.0
2025-03-27 12:54:42.658758,ozone-eighthr,SVC,class_likelihood_sampling,0,2,67,0.0
2025-03-27 12:54:42.685463,ozone-eighthr,SVC,class_likelihood_sampling,0,2,68,0.0
2025-03-27 12:54:42.712254,ozone-eighthr,SVC,class_likelihood_sampling,0,2,69,0.0
2025-03-27 12:54:42.739772,ozone-eighthr,SVC,class_likelihood_sampling,0,2,70,0.0
2025-03-27 12:54:42.766905,ozone-eighthr,SVC,class_likelihood_sampling,0,2,71,0.0
2025-03-27 12:54:42.794378,ozone-eighthr,SVC,class_likelihood_sampling,0,2,72,0.0
2025-03-27 12:54:42.822317,ozone-eighthr,SVC,class_likelihood_sampling,0,2,73,0.0
2025-03-27 12:54:42.850797,ozone-eighthr,SVC,class_likelihood_sampling,0,2,74,0.0
2025-03-27 12:54:42.878083,ozone-eighthr,SVC,class_likelihood_sampling,0,2,75,0.0
2025-03-27 12:54:42.905140,ozone-eighthr,SVC,class_likelihood_sampling,0,2,76,0.0
2025-03-27 12:54:42.933296,ozone-eighthr,SVC,class_likelihood_sampling,0,2,77,0.0
2025-03-27 12:54:42.964643,ozone-eighthr,SVC,class_likelihood_sampling,0,2,78,0.0
2025-03-27 12:54:43.002101,ozone-eighthr,SVC,class_likelihood_sampling,0,2,79,0.0
2025-03-27 12:54:43.037774,ozone-eighthr,SVC,class_likelihood_sampling,0,2,80,0.0
2025-03-27 12:54:43.069066,ozone-eighthr,SVC,class_likelihood_sampling,0,2,81,0.0
2025-03-27 12:54:43.099887,ozone-eighthr,SVC,class_likelihood_sampling,0,2,82,0.0
2025-03-27 12:54:43.131397,ozone-eighthr,SVC,class_likelihood_sampling,0,2,83,0.0
2025-03-27 12:54:43.162277,ozone-eighthr,SVC,class_likelihood_sampling,0,2,84,0.0
2025-03-27 12:54:43.192960,ozone-eighthr,SVC,class_likelihood_sampling,0,2,85,0.0
2025-03-27 12:54:43.224483,ozone-eighthr,SVC,class_likelihood_sampling,0,2,86,0.0
2025-03-27 12:54:43.255352,ozone-eighthr,SVC,class_likelihood_sampling,0,2,87,0.0
2025-03-27 12:54:43.286485,ozone-eighthr,SVC,class_likelihood_sampling,0,2,88,0.0
2025-03-27 12:54:43.317058,ozone-eighthr,SVC,class_likelihood_sampling,0,2,89,0.0
2025-03-27 12:54:43.348645,ozone-eighthr,SVC,class_likelihood_sampling,0,2,90,0.0
2025-03-27 12:54:43.381153,ozone-eighthr,SVC,class_likelihood_sampling,0,2,91,0.0
2025-03-27 12:54:43.414312,ozone-eighthr,SVC,class_likelihood_sampling,0,2,92,0.0
2025-03-27 12:54:43.447509,ozone-eighthr,SVC,class_likelihood_sampling,0,2,93,0.0
2025-03-27 12:54:43.481673,ozone-eighthr,SVC,class_likelihood_sampling,0,2,94,0.0
2025-03-27 12:54:43.516049,ozone-eighthr,SVC,class_likelihood_sampling,0,2,95,0.0
2025-03-27 12:54:43.549485,ozone-eighthr,SVC,class_likelihood_sampling,0,2,96,0.0
2025-03-27 12:54:43.583124,ozone-eighthr,SVC,class_likelihood_sampling,0,2,97,0.0
2025-03-27 12:54:43.618594,ozone-eighthr,SVC,class_likelihood_sampling,0,2,98,0.0
2025-03-27 12:54:43.654518,ozone-eighthr,SVC,class_likelihood_sampling,0,2,99,0.0
2025-03-27 12:54:43.727593,ozone-eighthr,SVC,class_likelihood_sampling,0,2,100,0.0
2025-03-27 12:54:43.733044,ozone-eighthr,SVC,class_likelihood_sampling,0,3,0,0.0
2025-03-27 12:54:43.763816,ozone-eighthr,SVC,class_likelihood_sampling,0,3,1,0.0
2025-03-27 12:54:43.791540,ozone-eighthr,SVC,class_likelihood_sampling,0,3,2,0.0
2025-03-27 12:54:43.815194,ozone-eighthr,SVC,class_likelihood_sampling,0,3,3,0.0
2025-03-27 12:54:43.838475,ozone-eighthr,SVC,class_likelihood_sampling,0,3,4,0.0
2025-03-27 12:54:43.862289,ozone-eighthr,SVC,class_likelihood_sampling,0,3,5,0.0
2025-03-27 12:54:43.886386,ozone-eighthr,SVC,class_likelihood_sampling,0,3,6,0.0
2025-03-27 12:54:43.910445,ozone-eighthr,SVC,class_likelihood_sampling,0,3,7,0.0
2025-03-27 12:54:43.934579,ozone-eighthr,SVC,class_likelihood_sampling,0,3,8,0.0
2025-03-27 12:54:43.958869,ozone-eighthr,SVC,class_likelihood_sampling,0,3,9,0.0
2025-03-27 12:54:43.983554,ozone-eighthr,SVC,class_likelihood_sampling,0,3,10,0.0
2025-03-27 12:54:44.008900,ozone-eighthr,SVC,class_likelihood_sampling,0,3,11,0.0
2025-03-27 12:54:44.034342,ozone-eighthr,SVC,class_likelihood_sampling,0,3,12,0.0
2025-03-27 12:54:44.059256,ozone-eighthr,SVC,class_likelihood_sampling,0,3,13,0.0
2025-03-27 12:54:44.083942,ozone-eighthr,SVC,class_likelihood_sampling,0,3,14,0.0
2025-03-27 12:54:44.108600,ozone-eighthr,SVC,class_likelihood_sampling,0,3,15,0.0
2025-03-27 12:54:44.132787,ozone-eighthr,SVC,class_likelihood_sampling,0,3,16,0.0
2025-03-27 12:54:44.156366,ozone-eighthr,SVC,class_likelihood_sampling,0,3,17,0.0
2025-03-27 12:54:44.179663,ozone-eighthr,SVC,class_likelihood_sampling,0,3,18,0.0
2025-03-27 12:54:44.203607,ozone-eighthr,SVC,class_likelihood_sampling,0,3,19,0.0
2025-03-27 12:54:44.227695,ozone-eighthr,SVC,class_likelihood_sampling,0,3,20,0.0
2025-03-27 12:54:44.254221,ozone-eighthr,SVC,class_likelihood_sampling,0,3,21,0.0
2025-03-27 12:54:44.284137,ozone-eighthr,SVC,class_likelihood_sampling,0,3,22,0.0
2025-03-27 12:54:44.311228,ozone-eighthr,SVC,class_likelihood_sampling,0,3,23,0.0
2025-03-27 12:54:44.336269,ozone-eighthr,SVC,class_likelihood_sampling,0,3,24,0.0
2025-03-27 12:54:44.360690,ozone-eighthr,SVC,class_likelihood_sampling,0,3,25,0.0
2025-03-27 12:54:44.385119,ozone-eighthr,SVC,class_likelihood_sampling,0,3,26,0.0
2025-03-27 12:54:44.409106,ozone-eighthr,SVC,class_likelihood_sampling,0,3,27,0.0
2025-03-27 12:54:44.433008,ozone-eighthr,SVC,class_likelihood_sampling,0,3,28,0.0
2025-03-27 12:54:44.457000,ozone-eighthr,SVC,class_likelihood_sampling,0,3,29,0.0
2025-03-27 12:54:44.481563,ozone-eighthr,SVC,class_likelihood_sampling,0,3,30,0.0
2025-03-27 12:54:44.506600,ozone-eighthr,SVC,class_likelihood_sampling,0,3,31,0.0
2025-03-27 12:54:44.532051,ozone-eighthr,SVC,class_likelihood_sampling,0,3,32,0.0
2025-03-27 12:54:44.557608,ozone-eighthr,SVC,class_likelihood_sampling,0,3,33,0.0
2025-03-27 12:54:44.582696,ozone-eighthr,SVC,class_likelihood_sampling,0,3,34,0.0
2025-03-27 12:54:44.607251,ozone-eighthr,SVC,class_likelihood_sampling,0,3,35,0.0
2025-03-27 12:54:44.631332,ozone-eighthr,SVC,class_likelihood_sampling,0,3,36,0.0
2025-03-27 12:54:44.659157,ozone-eighthr,SVC,class_likelihood_sampling,0,3,37,0.0
2025-03-27 12:54:44.687905,ozone-eighthr,SVC,class_likelihood_sampling,0,3,38,0.0
2025-03-27 12:54:44.712013,ozone-eighthr,SVC,class_likelihood_sampling,0,3,39,0.0
2025-03-27 12:54:44.736154,ozone-eighthr,SVC,class_likelihood_sampling,0,3,40,0.0
2025-03-27 12:54:44.760808,ozone-eighthr,SVC,class_likelihood_sampling,0,3,41,0.0
2025-03-27 12:54:44.784795,ozone-eighthr,SVC,class_likelihood_sampling,0,3,42,0.0
2025-03-27 12:54:44.808721,ozone-eighthr,SVC,class_likelihood_sampling,0,3,43,0.0
2025-03-27 12:54:44.832528,ozone-eighthr,SVC,class_likelihood_sampling,0,3,44,0.0
2025-03-27 12:54:44.856516,ozone-eighthr,SVC,class_likelihood_sampling,0,3,45,0.0
2025-03-27 12:54:44.880885,ozone-eighthr,SVC,class_likelihood_sampling,0,3,46,0.0
2025-03-27 12:54:44.904879,ozone-eighthr,SVC,class_likelihood_sampling,0,3,47,0.0
2025-03-27 12:54:44.928806,ozone-eighthr,SVC,class_likelihood_sampling,0,3,48,0.0
2025-03-27 12:54:44.954341,ozone-eighthr,SVC,class_likelihood_sampling,0,3,49,0.0
2025-03-27 12:54:44.983245,ozone-eighthr,SVC,class_likelihood_sampling,0,3,50,0.0
2025-03-27 12:54:45.010060,ozone-eighthr,SVC,class_likelihood_sampling,0,3,51,0.0
2025-03-27 12:54:45.034000,ozone-eighthr,SVC,class_likelihood_sampling,0,3,52,0.0
2025-03-27 12:54:45.057734,ozone-eighthr,SVC,class_likelihood_sampling,0,3,53,0.0
2025-03-27 12:54:45.081789,ozone-eighthr,SVC,class_likelihood_sampling,0,3,54,0.0
2025-03-27 12:54:45.105721,ozone-eighthr,SVC,class_likelihood_sampling,0,3,55,0.0
2025-03-27 12:54:45.130269,ozone-eighthr,SVC,class_likelihood_sampling,0,3,56,0.0
2025-03-27 12:54:45.154578,ozone-eighthr,SVC,class_likelihood_sampling,0,3,57,0.0
2025-03-27 12:54:45.178469,ozone-eighthr,SVC,class_likelihood_sampling,0,3,58,0.0
2025-03-27 12:54:45.202424,ozone-eighthr,SVC,class_likelihood_sampling,0,3,59,0.0
2025-03-27 12:54:45.226391,ozone-eighthr,SVC,class_likelihood_sampling,0,3,60,0.0
2025-03-27 12:54:45.250549,ozone-eighthr,SVC,class_likelihood_sampling,0,3,61,0.0
2025-03-27 12:54:45.274957,ozone-eighthr,SVC,class_likelihood_sampling,0,3,62,0.0
2025-03-27 12:54:45.298462,ozone-eighthr,SVC,class_likelihood_sampling,0,3,63,0.0
2025-03-27 12:54:45.321856,ozone-eighthr,SVC,class_likelihood_sampling,0,3,64,0.0
2025-03-27 12:54:45.345103,ozone-eighthr,SVC,class_likelihood_sampling,0,3,65,0.0
2025-03-27 12:54:45.368669,ozone-eighthr,SVC,class_likelihood_sampling,0,3,66,0.0
2025-03-27 12:54:45.392326,ozone-eighthr,SVC,class_likelihood_sampling,0,3,67,0.0
2025-03-27 12:54:45.416314,ozone-eighthr,SVC,class_likelihood_sampling,0,3,68,0.0
2025-03-27 12:54:45.440578,ozone-eighthr,SVC,class_likelihood_sampling,0,3,69,0.0
2025-03-27 12:54:45.465373,ozone-eighthr,SVC,class_likelihood_sampling,0,3,70,0.0
2025-03-27 12:54:45.490615,ozone-eighthr,SVC,class_likelihood_sampling,0,3,71,0.0
2025-03-27 12:54:45.515044,ozone-eighthr,SVC,class_likelihood_sampling,0,3,72,0.0
2025-03-27 12:54:45.538821,ozone-eighthr,SVC,class_likelihood_sampling,0,3,73,0.0
2025-03-27 12:54:45.562743,ozone-eighthr,SVC,class_likelihood_sampling,0,3,74,0.0
2025-03-27 12:54:45.589510,ozone-eighthr,SVC,class_likelihood_sampling,0,3,75,0.0
2025-03-27 12:54:45.619777,ozone-eighthr,SVC,class_likelihood_sampling,0,3,76,0.0
2025-03-27 12:54:45.649776,ozone-eighthr,SVC,class_likelihood_sampling,0,3,77,0.0
2025-03-27 12:54:45.675691,ozone-eighthr,SVC,class_likelihood_sampling,0,3,78,0.0
2025-03-27 12:54:45.701671,ozone-eighthr,SVC,class_likelihood_sampling,0,3,79,0.0
2025-03-27 12:54:45.729287,ozone-eighthr,SVC,class_likelihood_sampling,0,3,80,0.0
2025-03-27 12:54:45.758759,ozone-eighthr,SVC,class_likelihood_sampling,0,3,81,0.0
2025-03-27 12:54:45.788244,ozone-eighthr,SVC,class_likelihood_sampling,0,3,82,0.0
2025-03-27 12:54:45.816290,ozone-eighthr,SVC,class_likelihood_sampling,0,3,83,0.0
2025-03-27 12:54:45.844265,ozone-eighthr,SVC,class_likelihood_sampling,0,3,84,0.0
2025-03-27 12:54:45.871968,ozone-eighthr,SVC,class_likelihood_sampling,0,3,85,0.0
2025-03-27 12:54:45.899075,ozone-eighthr,SVC,class_likelihood_sampling,0,3,86,0.0
2025-03-27 12:54:45.926073,ozone-eighthr,SVC,class_likelihood_sampling,0,3,87,0.0
2025-03-27 12:54:45.953582,ozone-eighthr,SVC,class_likelihood_sampling,0,3,88,0.0
2025-03-27 12:54:45.981909,ozone-eighthr,SVC,class_likelihood_sampling,0,3,89,0.0
2025-03-27 12:54:46.010897,ozone-eighthr,SVC,class_likelihood_sampling,0,3,90,0.0
2025-03-27 12:54:46.041156,ozone-eighthr,SVC,class_likelihood_sampling,0,3,91,0.0
2025-03-27 12:54:46.071063,ozone-eighthr,SVC,class_likelihood_sampling,0,3,92,0.0
2025-03-27 12:54:46.100357,ozone-eighthr,SVC,class_likelihood_sampling,0,3,93,0.0
2025-03-27 12:54:46.129215,ozone-eighthr,SVC,class_likelihood_sampling,0,3,94,0.0
2025-03-27 12:54:46.158818,ozone-eighthr,SVC,class_likelihood_sampling,0,3,95,0.0
2025-03-27 12:54:46.190219,ozone-eighthr,SVC,class_likelihood_sampling,0,3,96,0.0
2025-03-27 12:54:46.222902,ozone-eighthr,SVC,class_likelihood_sampling,0,3,97,0.0
2025-03-27 12:54:46.256466,ozone-eighthr,SVC,class_likelihood_sampling,0,3,98,0.0
2025-03-27 12:54:46.290722,ozone-eighthr,SVC,class_likelihood_sampling,0,3,99,0.0
2025-03-27 12:54:46.324474,ozone-eighthr,SVC,class_likelihood_sampling,0,3,100,0.0
2025-03-27 12:54:46.329603,ozone-eighthr,SVC,class_likelihood_sampling,0,4,0,0.0
2025-03-27 12:54:46.356988,ozone-eighthr,SVC,class_likelihood_sampling,0,4,1,0.0
2025-03-27 12:54:46.385641,ozone-eighthr,SVC,class_likelihood_sampling,0,4,2,0.0
2025-03-27 12:54:46.412191,ozone-eighthr,SVC,class_likelihood_sampling,0,4,3,0.0
2025-03-27 12:54:46.441345,ozone-eighthr,SVC,class_likelihood_sampling,0,4,4,0.0
2025-03-27 12:54:46.469311,ozone-eighthr,SVC,class_likelihood_sampling,0,4,5,0.0
2025-03-27 12:54:46.493784,ozone-eighthr,SVC,class_likelihood_sampling,0,4,6,0.0
2025-03-27 12:54:46.518269,ozone-eighthr,SVC,class_likelihood_sampling,0,4,7,0.0
2025-03-27 12:54:46.542591,ozone-eighthr,SVC,class_likelihood_sampling,0,4,8,0.0
2025-03-27 12:54:46.567057,ozone-eighthr,SVC,class_likelihood_sampling,0,4,9,0.0
2025-03-27 12:54:46.591941,ozone-eighthr,SVC,class_likelihood_sampling,0,4,10,0.0
2025-03-27 12:54:46.617456,ozone-eighthr,SVC,class_likelihood_sampling,0,4,11,0.0
2025-03-27 12:54:46.643228,ozone-eighthr,SVC,class_likelihood_sampling,0,4,12,0.0
2025-03-27 12:54:46.668755,ozone-eighthr,SVC,class_likelihood_sampling,0,4,13,0.0
2025-03-27 12:54:46.694598,ozone-eighthr,SVC,class_likelihood_sampling,0,4,14,0.0
2025-03-27 12:54:46.720529,ozone-eighthr,SVC,class_likelihood_sampling,0,4,15,0.0
2025-03-27 12:54:46.746754,ozone-eighthr,SVC,class_likelihood_sampling,0,4,16,0.0
2025-03-27 12:54:46.773360,ozone-eighthr,SVC,class_likelihood_sampling,0,4,17,0.0
2025-03-27 12:54:46.799466,ozone-eighthr,SVC,class_likelihood_sampling,0,4,18,0.0
2025-03-27 12:54:46.825747,ozone-eighthr,SVC,class_likelihood_sampling,0,4,19,0.0
2025-03-27 12:54:46.852077,ozone-eighthr,SVC,class_likelihood_sampling,0,4,20,0.0
2025-03-27 12:54:46.877453,ozone-eighthr,SVC,class_likelihood_sampling,0,4,21,0.0
2025-03-27 12:54:46.902660,ozone-eighthr,SVC,class_likelihood_sampling,0,4,22,0.0
2025-03-27 12:54:46.928181,ozone-eighthr,SVC,class_likelihood_sampling,0,4,23,0.0
2025-03-27 12:54:46.956293,ozone-eighthr,SVC,class_likelihood_sampling,0,4,24,0.0
2025-03-27 12:54:46.988811,ozone-eighthr,SVC,class_likelihood_sampling,0,4,25,0.0
2025-03-27 12:54:47.016986,ozone-eighthr,SVC,class_likelihood_sampling,0,4,26,0.0
2025-03-27 12:54:47.043742,ozone-eighthr,SVC,class_likelihood_sampling,0,4,27,0.0
2025-03-27 12:54:47.070581,ozone-eighthr,SVC,class_likelihood_sampling,0,4,28,0.0
2025-03-27 12:54:47.097349,ozone-eighthr,SVC,class_likelihood_sampling,0,4,29,0.0
2025-03-27 12:54:47.123849,ozone-eighthr,SVC,class_likelihood_sampling,0,4,30,0.0
2025-03-27 12:54:47.150601,ozone-eighthr,SVC,class_likelihood_sampling,0,4,31,0.0
2025-03-27 12:54:47.177610,ozone-eighthr,SVC,class_likelihood_sampling,0,4,32,0.0
2025-03-27 12:54:47.205013,ozone-eighthr,SVC,class_likelihood_sampling,0,4,33,0.0
2025-03-27 12:54:47.234328,ozone-eighthr,SVC,class_likelihood_sampling,0,4,34,0.0
2025-03-27 12:54:47.268372,ozone-eighthr,SVC,class_likelihood_sampling,0,4,35,0.0
2025-03-27 12:54:47.296808,ozone-eighthr,SVC,class_likelihood_sampling,0,4,36,0.0
2025-03-27 12:54:47.324000,ozone-eighthr,SVC,class_likelihood_sampling,0,4,37,0.0
2025-03-27 12:54:47.350609,ozone-eighthr,SVC,class_likelihood_sampling,0,4,38,0.0
2025-03-27 12:54:47.376830,ozone-eighthr,SVC,class_likelihood_sampling,0,4,39,0.0
2025-03-27 12:54:47.403548,ozone-eighthr,SVC,class_likelihood_sampling,0,4,40,0.0
2025-03-27 12:54:47.430536,ozone-eighthr,SVC,class_likelihood_sampling,0,4,41,0.0
2025-03-27 12:54:47.457530,ozone-eighthr,SVC,class_likelihood_sampling,0,4,42,0.0
2025-03-27 12:54:47.487732,ozone-eighthr,SVC,class_likelihood_sampling,0,4,43,0.0
2025-03-27 12:54:47.520639,ozone-eighthr,SVC,class_likelihood_sampling,0,4,44,0.0
2025-03-27 12:54:47.548587,ozone-eighthr,SVC,class_likelihood_sampling,0,4,45,0.0
2025-03-27 12:54:47.575759,ozone-eighthr,SVC,class_likelihood_sampling,0,4,46,0.0
2025-03-27 12:54:47.602089,ozone-eighthr,SVC,class_likelihood_sampling,0,4,47,0.0
2025-03-27 12:54:47.628967,ozone-eighthr,SVC,class_likelihood_sampling,0,4,48,0.0
2025-03-27 12:54:47.655421,ozone-eighthr,SVC,class_likelihood_sampling,0,4,49,0.0
2025-03-27 12:54:47.682256,ozone-eighthr,SVC,class_likelihood_sampling,0,4,50,0.0
2025-03-27 12:54:47.709291,ozone-eighthr,SVC,class_likelihood_sampling,0,4,51,0.0
2025-03-27 12:54:47.736242,ozone-eighthr,SVC,class_likelihood_sampling,0,4,52,0.0
2025-03-27 12:54:47.762638,ozone-eighthr,SVC,class_likelihood_sampling,0,4,53,0.0
2025-03-27 12:54:47.789802,ozone-eighthr,SVC,class_likelihood_sampling,0,4,54,0.0
2025-03-27 12:54:47.816471,ozone-eighthr,SVC,class_likelihood_sampling,0,4,55,0.0
2025-03-27 12:54:47.841591,ozone-eighthr,SVC,class_likelihood_sampling,0,4,56,0.0
2025-03-27 12:54:47.866870,ozone-eighthr,SVC,class_likelihood_sampling,0,4,57,0.0
2025-03-27 12:54:47.892216,ozone-eighthr,SVC,class_likelihood_sampling,0,4,58,0.0
2025-03-27 12:54:47.918035,ozone-eighthr,SVC,class_likelihood_sampling,0,4,59,0.0
2025-03-27 12:54:47.944327,ozone-eighthr,SVC,class_likelihood_sampling,0,4,60,0.0
2025-03-27 12:54:47.970597,ozone-eighthr,SVC,class_likelihood_sampling,0,4,61,0.0
2025-03-27 12:54:47.996211,ozone-eighthr,SVC,class_likelihood_sampling,0,4,62,0.0
2025-03-27 12:54:48.021510,ozone-eighthr,SVC,class_likelihood_sampling,0,4,63,0.0
2025-03-27 12:54:48.047303,ozone-eighthr,SVC,class_likelihood_sampling,0,4,64,0.0
2025-03-27 12:54:48.072457,ozone-eighthr,SVC,class_likelihood_sampling,0,4,65,0.0
2025-03-27 12:54:48.097629,ozone-eighthr,SVC,class_likelihood_sampling,0,4,66,0.0
2025-03-27 12:54:48.122734,ozone-eighthr,SVC,class_likelihood_sampling,0,4,67,0.0
2025-03-27 12:54:48.149012,ozone-eighthr,SVC,class_likelihood_sampling,0,4,68,0.0
2025-03-27 12:54:48.180322,ozone-eighthr,SVC,class_likelihood_sampling,0,4,69,0.0
2025-03-27 12:54:48.211945,ozone-eighthr,SVC,class_likelihood_sampling,0,4,70,0.0
2025-03-27 12:54:48.241967,ozone-eighthr,SVC,class_likelihood_sampling,0,4,71,0.0
2025-03-27 12:54:48.267745,ozone-eighthr,SVC,class_likelihood_sampling,0,4,72,0.0
2025-03-27 12:54:48.293920,ozone-eighthr,SVC,class_likelihood_sampling,0,4,73,0.0
2025-03-27 12:54:48.319400,ozone-eighthr,SVC,class_likelihood_sampling,0,4,74,0.0
2025-03-27 12:54:48.345027,ozone-eighthr,SVC,class_likelihood_sampling,0,4,75,0.0
2025-03-27 12:54:48.371819,ozone-eighthr,SVC,class_likelihood_sampling,0,4,76,0.0
2025-03-27 12:54:48.400700,ozone-eighthr,SVC,class_likelihood_sampling,0,4,77,0.0
2025-03-27 12:54:48.429744,ozone-eighthr,SVC,class_likelihood_sampling,0,4,78,0.0
2025-03-27 12:54:48.458833,ozone-eighthr,SVC,class_likelihood_sampling,0,4,79,0.0
2025-03-27 12:54:48.487827,ozone-eighthr,SVC,class_likelihood_sampling,0,4,80,0.0
2025-03-27 12:54:48.516956,ozone-eighthr,SVC,class_likelihood_sampling,0,4,81,0.0
2025-03-27 12:54:48.545926,ozone-eighthr,SVC,class_likelihood_sampling,0,4,82,0.0
2025-03-27 12:54:48.574424,ozone-eighthr,SVC,class_likelihood_sampling,0,4,83,0.0
2025-03-27 12:54:48.603137,ozone-eighthr,SVC,class_likelihood_sampling,0,4,84,0.0
2025-03-27 12:54:48.633133,ozone-eighthr,SVC,class_likelihood_sampling,0,4,85,0.0
2025-03-27 12:54:48.663850,ozone-eighthr,SVC,class_likelihood_sampling,0,4,86,0.0
2025-03-27 12:54:48.694088,ozone-eighthr,SVC,class_likelihood_sampling,0,4,87,0.0
2025-03-27 12:54:48.723806,ozone-eighthr,SVC,class_likelihood_sampling,0,4,88,0.0
2025-03-27 12:54:48.752187,ozone-eighthr,SVC,class_likelihood_sampling,0,4,89,0.0
2025-03-27 12:54:48.780470,ozone-eighthr,SVC,class_likelihood_sampling,0,4,90,0.0
2025-03-27 12:54:48.809345,ozone-eighthr,SVC,class_likelihood_sampling,0,4,91,0.0
2025-03-27 12:54:48.837886,ozone-eighthr,SVC,class_likelihood_sampling,0,4,92,0.0
2025-03-27 12:54:48.867361,ozone-eighthr,SVC,class_likelihood_sampling,0,4,93,0.0
2025-03-27 12:54:48.899245,ozone-eighthr,SVC,class_likelihood_sampling,0,4,94,0.0
2025-03-27 12:54:48.931904,ozone-eighthr,SVC,class_likelihood_sampling,0,4,95,0.0
2025-03-27 12:54:48.971673,ozone-eighthr,SVC,class_likelihood_sampling,0,4,96,0.0
2025-03-27 12:54:49.011213,ozone-eighthr,SVC,class_likelihood_sampling,0,4,97,0.0
2025-03-27 12:54:49.046651,ozone-eighthr,SVC,class_likelihood_sampling,0,4,98,0.0
2025-03-27 12:54:49.079652,ozone-eighthr,SVC,class_likelihood_sampling,0,4,99,0.0
2025-03-27 12:54:49.112597,ozone-eighthr,SVC,class_likelihood_sampling,0,4,100,0.0
