time,dataset,classifier,method,run,fold,query,kappa
2025-03-28 08:13:31.163263,ringnorm,DecisionTree,expected_error_reduction,0,0,0,-0.08148881502958316
2025-03-28 08:13:57.312918,ringnorm,DecisionTree,expected_error_reduction,0,0,1,-0.08397978959276409
2025-03-28 08:14:22.397725,ringnorm,DecisionTree,expected_error_reduction,0,0,2,-0.14440076796129597
2025-03-28 08:14:47.778823,ringnorm,DecisionTree,expected_error_reduction,0,0,3,-0.14440076796129597
2025-03-28 08:15:14.375590,ringnorm,DecisionTree,expected_error_reduction,0,0,4,0.11365774332572509
2025-03-28 08:15:40.799374,ringnorm,DecisionTree,expected_error_reduction,0,0,5,-0.030674444517270638
2025-03-28 08:16:07.179293,ringnorm,DecisionTree,expected_error_reduction,0,0,6,0.1704929465610947
2025-03-28 08:16:53.677915,ringnorm,DecisionTree,expected_error_reduction,0,0,7,0.1730381486788517
2025-03-28 08:17:44.696375,ringnorm,DecisionTree,expected_error_reduction,0,0,8,0.15484095071299853
2025-03-28 08:18:38.845110,ringnorm,DecisionTree,expected_error_reduction,0,0,9,0.09910139431283416
2025-03-28 08:19:35.096995,ringnorm,DecisionTree,expected_error_reduction,0,0,10,0.16071470900898766
2025-03-28 08:20:32.207594,ringnorm,DecisionTree,expected_error_reduction,0,0,11,-0.024238241020158702
2025-03-28 08:21:26.643086,ringnorm,DecisionTree,expected_error_reduction,0,0,12,0.16071470900898766
2025-03-28 08:22:23.781598,ringnorm,DecisionTree,expected_error_reduction,0,0,13,0.11752710959632373
2025-03-28 08:23:19.533444,ringnorm,DecisionTree,expected_error_reduction,0,0,14,0.052898154191292734
2025-03-28 08:24:15.693813,ringnorm,DecisionTree,expected_error_reduction,0,0,15,0.1571462621609181
2025-03-28 08:25:15.169465,ringnorm,DecisionTree,expected_error_reduction,0,0,16,0.17503837284584656
2025-03-28 08:26:12.364716,ringnorm,DecisionTree,expected_error_reduction,0,0,17,0.272811469910446
2025-03-28 08:27:09.187212,ringnorm,DecisionTree,expected_error_reduction,0,0,18,0.28169628276731573
2025-03-28 08:28:07.336200,ringnorm,DecisionTree,expected_error_reduction,0,0,19,0.17621273202094323
2025-03-28 08:29:03.227856,ringnorm,DecisionTree,expected_error_reduction,0,0,20,0.21954744261834425
2025-03-28 08:30:02.374672,ringnorm,DecisionTree,expected_error_reduction,0,0,21,0.3274139236925435
2025-03-28 08:31:02.362866,ringnorm,DecisionTree,expected_error_reduction,0,0,22,0.2491169307951645
2025-03-28 08:32:03.167344,ringnorm,DecisionTree,expected_error_reduction,0,0,23,0.22268482298682046
2025-03-28 08:32:56.902978,ringnorm,DecisionTree,expected_error_reduction,0,0,24,0.08217431490959837
2025-03-28 08:33:53.907227,ringnorm,DecisionTree,expected_error_reduction,0,0,25,0.25590002262922384
2025-03-28 08:34:52.419320,ringnorm,DecisionTree,expected_error_reduction,0,0,26,0.3116568978050732
2025-03-28 08:35:52.594612,ringnorm,DecisionTree,expected_error_reduction,0,0,27,0.3116568978050732
2025-03-28 08:36:51.021643,ringnorm,DecisionTree,expected_error_reduction,0,0,28,0.134226472950281
2025-03-28 08:37:51.537827,ringnorm,DecisionTree,expected_error_reduction,0,0,29,0.144332081427465
2025-03-28 08:38:50.162506,ringnorm,DecisionTree,expected_error_reduction,0,0,30,0.156810649428908
2025-03-28 08:39:53.463233,ringnorm,DecisionTree,expected_error_reduction,0,0,31,0.1505429327493385
2025-03-28 08:40:55.729064,ringnorm,DecisionTree,expected_error_reduction,0,0,32,0.16500362430640636
2025-03-28 08:42:00.113989,ringnorm,DecisionTree,expected_error_reduction,0,0,33,0.18274584253664583
2025-03-28 08:43:02.227914,ringnorm,DecisionTree,expected_error_reduction,0,0,34,0.1448132325555921
2025-03-28 08:44:05.051937,ringnorm,DecisionTree,expected_error_reduction,0,0,35,0.17391280555540356
2025-03-28 08:45:11.669241,ringnorm,DecisionTree,expected_error_reduction,0,0,36,0.31510432385666287
2025-03-28 08:46:15.824384,ringnorm,DecisionTree,expected_error_reduction,0,0,37,0.19565805145742443
2025-03-28 08:47:18.944667,ringnorm,DecisionTree,expected_error_reduction,0,0,38,0.31510432385666287
2025-03-28 08:48:24.755706,ringnorm,DecisionTree,expected_error_reduction,0,0,39,0.28552750678869554
2025-03-28 08:49:30.948383,ringnorm,DecisionTree,expected_error_reduction,0,0,40,0.3231909534410252
2025-03-28 08:50:30.333973,ringnorm,DecisionTree,expected_error_reduction,0,0,41,0.3134606938954765
2025-03-28 08:51:33.679538,ringnorm,DecisionTree,expected_error_reduction,0,0,42,0.19604871546734348
2025-03-28 08:52:37.208509,ringnorm,DecisionTree,expected_error_reduction,0,0,43,0.17283551503262962
2025-03-28 08:53:42.538857,ringnorm,DecisionTree,expected_error_reduction,0,0,44,0.2589194829687811
2025-03-28 08:54:47.952208,ringnorm,DecisionTree,expected_error_reduction,0,0,45,0.44276599205674694
2025-03-28 08:55:56.429217,ringnorm,DecisionTree,expected_error_reduction,0,0,46,0.4100340294653845
2025-03-28 08:57:03.799521,ringnorm,DecisionTree,expected_error_reduction,0,0,47,0.4027256076739205
2025-03-28 08:58:09.235740,ringnorm,DecisionTree,expected_error_reduction,0,0,48,0.46761520609003204
2025-03-28 08:59:15.996339,ringnorm,DecisionTree,expected_error_reduction,0,0,49,0.4103811944788113
2025-03-28 09:00:21.593732,ringnorm,DecisionTree,expected_error_reduction,0,0,50,0.3796028406102052
2025-03-28 09:01:27.646752,ringnorm,DecisionTree,expected_error_reduction,0,0,51,0.25615771649557084
2025-03-28 09:02:35.451948,ringnorm,DecisionTree,expected_error_reduction,0,0,52,0.39826404751027866
2025-03-28 09:03:43.417845,ringnorm,DecisionTree,expected_error_reduction,0,0,53,0.32643292019805636
2025-03-28 09:04:52.567215,ringnorm,DecisionTree,expected_error_reduction,0,0,54,0.32930962966211486
2025-03-28 09:05:59.982988,ringnorm,DecisionTree,expected_error_reduction,0,0,55,0.3802968329167482
2025-03-28 09:07:08.740805,ringnorm,DecisionTree,expected_error_reduction,0,0,56,0.40485003354116067
2025-03-28 09:08:19.341699,ringnorm,DecisionTree,expected_error_reduction,0,0,57,0.21816722017444623
2025-03-28 09:09:30.759972,ringnorm,DecisionTree,expected_error_reduction,0,0,58,0.43507014137857347
2025-03-28 09:10:41.722277,ringnorm,DecisionTree,expected_error_reduction,0,0,59,0.40920268487764955
2025-03-28 09:11:50.129552,ringnorm,DecisionTree,expected_error_reduction,0,0,60,0.39193075679969325
2025-03-28 09:12:57.672261,ringnorm,DecisionTree,expected_error_reduction,0,0,61,0.4202702702702703
2025-03-28 09:14:07.563732,ringnorm,DecisionTree,expected_error_reduction,0,0,62,0.477160696680907
2025-03-28 09:15:19.872652,ringnorm,DecisionTree,expected_error_reduction,0,0,63,0.40419114666822464
2025-03-28 09:16:31.710421,ringnorm,DecisionTree,expected_error_reduction,0,0,64,0.428363763865402
2025-03-28 09:17:45.084354,ringnorm,DecisionTree,expected_error_reduction,0,0,65,0.43251222892325214
2025-03-28 09:18:58.360391,ringnorm,DecisionTree,expected_error_reduction,0,0,66,0.38757166189834147
2025-03-28 09:20:12.586834,ringnorm,DecisionTree,expected_error_reduction,0,0,67,0.4228696881472579
2025-03-28 09:21:25.626730,ringnorm,DecisionTree,expected_error_reduction,0,0,68,0.43229454926050337
2025-03-28 09:22:40.464515,ringnorm,DecisionTree,expected_error_reduction,0,0,69,0.3037158298223753
2025-03-28 09:23:50.670825,ringnorm,DecisionTree,expected_error_reduction,0,0,70,0.21788914915365187
2025-03-28 09:25:01.412361,ringnorm,DecisionTree,expected_error_reduction,0,0,71,0.3343113748417069
2025-03-28 09:26:13.688318,ringnorm,DecisionTree,expected_error_reduction,0,0,72,0.17076847547766227
2025-03-28 09:27:29.086998,ringnorm,DecisionTree,expected_error_reduction,0,0,73,0.39161969836760424
2025-03-28 09:28:44.817590,ringnorm,DecisionTree,expected_error_reduction,0,0,74,0.34325163849256857
2025-03-28 09:29:57.919785,ringnorm,DecisionTree,expected_error_reduction,0,0,75,0.31514501007622886
2025-03-28 09:31:12.898128,ringnorm,DecisionTree,expected_error_reduction,0,0,76,0.27318666352661103
2025-03-28 09:32:27.165284,ringnorm,DecisionTree,expected_error_reduction,0,0,77,0.29451343014262044
2025-03-28 09:33:39.073959,ringnorm,DecisionTree,expected_error_reduction,0,0,78,0.29193714791786496
2025-03-28 09:34:51.202982,ringnorm,DecisionTree,expected_error_reduction,0,0,79,0.3457201261940297
2025-03-28 09:36:04.002579,ringnorm,DecisionTree,expected_error_reduction,0,0,80,0.3364016583566197
2025-03-28 09:37:16.049751,ringnorm,DecisionTree,expected_error_reduction,0,0,81,0.3714770016475668
2025-03-28 09:38:29.431170,ringnorm,DecisionTree,expected_error_reduction,0,0,82,0.37734540410308826
2025-03-28 09:39:44.037467,ringnorm,DecisionTree,expected_error_reduction,0,0,83,0.3485570469185769
2025-03-28 09:40:58.087373,ringnorm,DecisionTree,expected_error_reduction,0,0,84,0.36896731806545147
2025-03-28 09:42:10.065952,ringnorm,DecisionTree,expected_error_reduction,0,0,85,0.2391308318022931
2025-03-28 09:43:25.404044,ringnorm,DecisionTree,expected_error_reduction,0,0,86,0.2421244030319405
2025-03-28 09:44:37.506059,ringnorm,DecisionTree,expected_error_reduction,0,0,87,0.2312972611792885
2025-03-28 09:45:51.724740,ringnorm,DecisionTree,expected_error_reduction,0,0,88,0.2746395832344598
2025-03-28 09:47:06.210989,ringnorm,DecisionTree,expected_error_reduction,0,0,89,0.29059495071597863
2025-03-28 09:48:21.717893,ringnorm,DecisionTree,expected_error_reduction,0,0,90,0.22879243065264454
2025-03-28 09:49:40.549586,ringnorm,DecisionTree,expected_error_reduction,0,0,91,0.284286978658175
2025-03-28 09:51:00.243418,ringnorm,DecisionTree,expected_error_reduction,0,0,92,0.2717705655526992
2025-03-28 09:52:19.581948,ringnorm,DecisionTree,expected_error_reduction,0,0,93,0.43467986453663376
2025-03-28 09:53:40.371250,ringnorm,DecisionTree,expected_error_reduction,0,0,94,0.2693672253693862
2025-03-28 09:55:01.963863,ringnorm,DecisionTree,expected_error_reduction,0,0,95,0.23823708173400726
2025-03-28 09:56:16.991763,ringnorm,DecisionTree,expected_error_reduction,0,0,96,0.38877508319186305
2025-03-28 09:57:37.720061,ringnorm,DecisionTree,expected_error_reduction,0,0,97,0.4459955190276984
2025-03-28 09:59:00.066651,ringnorm,DecisionTree,expected_error_reduction,0,0,98,0.4291678624504397
2025-03-28 10:00:24.702269,ringnorm,DecisionTree,expected_error_reduction,0,0,99,0.4754946466183544
2025-03-28 10:01:50.367620,ringnorm,DecisionTree,expected_error_reduction,0,0,100,0.5575651639703947
2025-03-28 10:01:50.377470,ringnorm,DecisionTree,expected_error_reduction,0,1,0,0.139538035019099
2025-03-28 10:02:44.305340,ringnorm,DecisionTree,expected_error_reduction,0,1,1,0.16824259192488544
2025-03-28 10:03:34.050011,ringnorm,DecisionTree,expected_error_reduction,0,1,2,0.16824259192488544
2025-03-28 10:04:23.161145,ringnorm,DecisionTree,expected_error_reduction,0,1,3,0.16824259192488544
2025-03-28 10:05:12.207155,ringnorm,DecisionTree,expected_error_reduction,0,1,4,0.1471655245703397
2025-03-28 10:06:01.728481,ringnorm,DecisionTree,expected_error_reduction,0,1,5,0.176149077436631
2025-03-28 10:06:51.325202,ringnorm,DecisionTree,expected_error_reduction,0,1,6,0.16845397185040178
2025-03-28 10:07:40.722149,ringnorm,DecisionTree,expected_error_reduction,0,1,7,0.16845397185040178
2025-03-28 10:08:30.240272,ringnorm,DecisionTree,expected_error_reduction,0,1,8,0.16845397185040178
2025-03-28 10:09:18.642351,ringnorm,DecisionTree,expected_error_reduction,0,1,9,0.1838944204464964
2025-03-28 10:10:08.552290,ringnorm,DecisionTree,expected_error_reduction,0,1,10,0.3187375541759401
2025-03-28 10:11:00.759205,ringnorm,DecisionTree,expected_error_reduction,0,1,11,0.2928862097434085
2025-03-28 10:11:52.558563,ringnorm,DecisionTree,expected_error_reduction,0,1,12,0.06841200251780533
2025-03-28 10:12:45.324203,ringnorm,DecisionTree,expected_error_reduction,0,1,13,0.08808176474352525
2025-03-28 10:13:36.112056,ringnorm,DecisionTree,expected_error_reduction,0,1,14,0.2997404077844782
2025-03-28 10:14:27.164703,ringnorm,DecisionTree,expected_error_reduction,0,1,15,0.2500763716252431
2025-03-28 10:15:18.065279,ringnorm,DecisionTree,expected_error_reduction,0,1,16,0.16216404069373969
2025-03-28 10:16:08.481243,ringnorm,DecisionTree,expected_error_reduction,0,1,17,0.10893136546221482
2025-03-28 10:17:03.659139,ringnorm,DecisionTree,expected_error_reduction,0,1,18,0.2263410954339221
2025-03-28 10:17:56.678654,ringnorm,DecisionTree,expected_error_reduction,0,1,19,0.19564627645924515
2025-03-28 10:18:49.815084,ringnorm,DecisionTree,expected_error_reduction,0,1,20,0.19986951605483994
2025-03-28 10:19:44.105288,ringnorm,DecisionTree,expected_error_reduction,0,1,21,0.22072166119065673
2025-03-28 10:20:36.438365,ringnorm,DecisionTree,expected_error_reduction,0,1,22,0.11848986448158627
2025-03-28 10:21:30.859278,ringnorm,DecisionTree,expected_error_reduction,0,1,23,0.15135282683926388
2025-03-28 10:22:25.208535,ringnorm,DecisionTree,expected_error_reduction,0,1,24,0.3017655179980434
2025-03-28 10:23:18.826759,ringnorm,DecisionTree,expected_error_reduction,0,1,25,0.31556800184981615
2025-03-28 10:24:15.190657,ringnorm,DecisionTree,expected_error_reduction,0,1,26,0.2822699448251882
2025-03-28 10:25:12.018330,ringnorm,DecisionTree,expected_error_reduction,0,1,27,0.3333711739061175
2025-03-28 10:26:06.229229,ringnorm,DecisionTree,expected_error_reduction,0,1,28,0.22851671455667144
2025-03-28 10:27:02.659502,ringnorm,DecisionTree,expected_error_reduction,0,1,29,0.254681319324106
2025-03-28 10:27:56.708245,ringnorm,DecisionTree,expected_error_reduction,0,1,30,0.2561874526260285
2025-03-28 10:28:53.402064,ringnorm,DecisionTree,expected_error_reduction,0,1,31,0.2958300622736564
2025-03-28 10:29:50.036634,ringnorm,DecisionTree,expected_error_reduction,0,1,32,0.33413926233720626
2025-03-28 10:30:45.284380,ringnorm,DecisionTree,expected_error_reduction,0,1,33,0.1871936487281739
2025-03-28 10:31:41.113372,ringnorm,DecisionTree,expected_error_reduction,0,1,34,0.3688705123475504
2025-03-28 10:32:38.050695,ringnorm,DecisionTree,expected_error_reduction,0,1,35,0.2897415646527137
2025-03-28 10:33:34.093538,ringnorm,DecisionTree,expected_error_reduction,0,1,36,0.3094071771149176
2025-03-28 10:34:29.237414,ringnorm,DecisionTree,expected_error_reduction,0,1,37,0.2940260509285235
2025-03-28 10:35:25.765276,ringnorm,DecisionTree,expected_error_reduction,0,1,38,0.2728743220593294
2025-03-28 10:36:22.029306,ringnorm,DecisionTree,expected_error_reduction,0,1,39,0.27106277407010704
2025-03-28 10:37:20.623982,ringnorm,DecisionTree,expected_error_reduction,0,1,40,0.29681492277158117
2025-03-28 10:38:19.497953,ringnorm,DecisionTree,expected_error_reduction,0,1,41,0.2736981078868871
2025-03-28 10:39:19.344953,ringnorm,DecisionTree,expected_error_reduction,0,1,42,0.31068181485439883
2025-03-28 10:40:18.144647,ringnorm,DecisionTree,expected_error_reduction,0,1,43,0.2832109570981268
2025-03-28 10:41:15.496009,ringnorm,DecisionTree,expected_error_reduction,0,1,44,0.2929224517439891
2025-03-28 10:42:13.860216,ringnorm,DecisionTree,expected_error_reduction,0,1,45,0.41280042418203255
2025-03-28 10:43:12.753351,ringnorm,DecisionTree,expected_error_reduction,0,1,46,0.36811117206070576
2025-03-28 10:44:11.068292,ringnorm,DecisionTree,expected_error_reduction,0,1,47,0.39183747267377833
2025-03-28 10:45:11.010431,ringnorm,DecisionTree,expected_error_reduction,0,1,48,0.3112070302875446
2025-03-28 10:46:11.400727,ringnorm,DecisionTree,expected_error_reduction,0,1,49,0.28333023276173386
2025-03-28 10:47:10.506149,ringnorm,DecisionTree,expected_error_reduction,0,1,50,0.30928286998136856
2025-03-28 10:48:09.096626,ringnorm,DecisionTree,expected_error_reduction,0,1,51,0.3162565181593633
2025-03-28 10:49:05.841102,ringnorm,DecisionTree,expected_error_reduction,0,1,52,0.29014057691638795
2025-03-28 10:50:03.754350,ringnorm,DecisionTree,expected_error_reduction,0,1,53,0.3202574194740724
2025-03-28 10:51:03.514272,ringnorm,DecisionTree,expected_error_reduction,0,1,54,0.2621742168948017
2025-03-28 10:52:05.369750,ringnorm,DecisionTree,expected_error_reduction,0,1,55,0.31353983868405344
2025-03-28 10:53:07.598356,ringnorm,DecisionTree,expected_error_reduction,0,1,56,0.3576189738025112
2025-03-28 10:54:09.994553,ringnorm,DecisionTree,expected_error_reduction,0,1,57,0.3242293017827562
2025-03-28 10:55:12.910398,ringnorm,DecisionTree,expected_error_reduction,0,1,58,0.3665401182740746
2025-03-28 10:56:17.229720,ringnorm,DecisionTree,expected_error_reduction,0,1,59,0.3314229393297802
2025-03-28 10:57:20.971256,ringnorm,DecisionTree,expected_error_reduction,0,1,60,0.28529958409861866
2025-03-28 10:58:23.371418,ringnorm,DecisionTree,expected_error_reduction,0,1,61,0.31503998247343623
2025-03-28 10:59:27.823536,ringnorm,DecisionTree,expected_error_reduction,0,1,62,0.299078724522572
2025-03-28 11:00:31.581760,ringnorm,DecisionTree,expected_error_reduction,0,1,63,0.3884934832726056
2025-03-28 11:01:36.493959,ringnorm,DecisionTree,expected_error_reduction,0,1,64,0.3852212277642262
2025-03-28 11:02:39.823477,ringnorm,DecisionTree,expected_error_reduction,0,1,65,0.35992714558448113
2025-03-28 11:03:45.154178,ringnorm,DecisionTree,expected_error_reduction,0,1,66,0.45184784159371993
2025-03-28 11:04:49.872725,ringnorm,DecisionTree,expected_error_reduction,0,1,67,0.38263947967836653
2025-03-28 11:05:55.688209,ringnorm,DecisionTree,expected_error_reduction,0,1,68,0.39504890377989277
2025-03-28 11:06:59.899145,ringnorm,DecisionTree,expected_error_reduction,0,1,69,0.37182468317724693
2025-03-28 11:08:04.639081,ringnorm,DecisionTree,expected_error_reduction,0,1,70,0.4015628745034827
2025-03-28 11:09:09.642664,ringnorm,DecisionTree,expected_error_reduction,0,1,71,0.4148773581624865
2025-03-28 11:10:13.665274,ringnorm,DecisionTree,expected_error_reduction,0,1,72,0.4275441567514384
2025-03-28 11:11:15.527583,ringnorm,DecisionTree,expected_error_reduction,0,1,73,0.4007998596224429
2025-03-28 11:12:18.215571,ringnorm,DecisionTree,expected_error_reduction,0,1,74,0.41836128501576564
2025-03-28 11:13:21.523854,ringnorm,DecisionTree,expected_error_reduction,0,1,75,0.4181379316650362
2025-03-28 11:14:23.939493,ringnorm,DecisionTree,expected_error_reduction,0,1,76,0.40475864023180774
2025-03-28 11:15:26.039347,ringnorm,DecisionTree,expected_error_reduction,0,1,77,0.405078394077095
2025-03-28 11:16:30.484786,ringnorm,DecisionTree,expected_error_reduction,0,1,78,0.42112583640846524
2025-03-28 11:17:33.698049,ringnorm,DecisionTree,expected_error_reduction,0,1,79,0.3726120759750404
2025-03-28 11:18:36.921079,ringnorm,DecisionTree,expected_error_reduction,0,1,80,0.4261541022044125
2025-03-28 11:19:39.495280,ringnorm,DecisionTree,expected_error_reduction,0,1,81,0.5578254910918228
2025-03-28 11:20:45.388928,ringnorm,DecisionTree,expected_error_reduction,0,1,82,0.5265610233593694
2025-03-28 11:21:50.966770,ringnorm,DecisionTree,expected_error_reduction,0,1,83,0.42099249549821294
2025-03-28 11:22:56.714243,ringnorm,DecisionTree,expected_error_reduction,0,1,84,0.3558592414192895
2025-03-28 11:24:00.600218,ringnorm,DecisionTree,expected_error_reduction,0,1,85,0.39112134238545126
2025-03-28 11:25:05.882084,ringnorm,DecisionTree,expected_error_reduction,0,1,86,0.38966672518726586
2025-03-28 11:26:09.712659,ringnorm,DecisionTree,expected_error_reduction,0,1,87,0.39104340050142916
2025-03-28 11:27:14.990006,ringnorm,DecisionTree,expected_error_reduction,0,1,88,0.384269334162354
2025-03-28 11:28:21.337249,ringnorm,DecisionTree,expected_error_reduction,0,1,89,0.3593202321176442
2025-03-28 11:29:27.224603,ringnorm,DecisionTree,expected_error_reduction,0,1,90,0.42935770763627856
2025-03-28 11:30:33.935654,ringnorm,DecisionTree,expected_error_reduction,0,1,91,0.4201665016748797
2025-03-28 11:31:41.046446,ringnorm,DecisionTree,expected_error_reduction,0,1,92,0.4155961675919849
2025-03-28 11:32:47.152396,ringnorm,DecisionTree,expected_error_reduction,0,1,93,0.41819750932950106
2025-03-28 11:33:52.007888,ringnorm,DecisionTree,expected_error_reduction,0,1,94,0.40601264549819527
2025-03-28 11:35:01.271048,ringnorm,DecisionTree,expected_error_reduction,0,1,95,0.400707845531725
2025-03-28 11:36:08.562038,ringnorm,DecisionTree,expected_error_reduction,0,1,96,0.4359529284458271
2025-03-28 11:37:18.619301,ringnorm,DecisionTree,expected_error_reduction,0,1,97,0.42498473329896036
2025-03-28 11:38:30.083387,ringnorm,DecisionTree,expected_error_reduction,0,1,98,0.4264624968696361
2025-03-28 11:39:42.101411,ringnorm,DecisionTree,expected_error_reduction,0,1,99,0.4616598030667771
2025-03-28 11:40:51.193402,ringnorm,DecisionTree,expected_error_reduction,0,1,100,0.4535021670898478
2025-03-28 11:40:51.202811,ringnorm,DecisionTree,expected_error_reduction,0,2,0,0.19017905588714057
2025-03-28 11:41:35.171981,ringnorm,DecisionTree,expected_error_reduction,0,2,1,0.05020895917033297
2025-03-28 11:42:20.565869,ringnorm,DecisionTree,expected_error_reduction,0,2,2,0.07898945851242589
2025-03-28 11:43:04.267270,ringnorm,DecisionTree,expected_error_reduction,0,2,3,0.07898945851242589
2025-03-28 11:43:48.264575,ringnorm,DecisionTree,expected_error_reduction,0,2,4,0.059877546149680216
2025-03-28 11:44:32.903953,ringnorm,DecisionTree,expected_error_reduction,0,2,5,-0.07379795932949929
2025-03-28 11:45:17.388956,ringnorm,DecisionTree,expected_error_reduction,0,2,6,0.14836990238870518
2025-03-28 11:46:03.446750,ringnorm,DecisionTree,expected_error_reduction,0,2,7,0.20450259547881977
2025-03-28 11:46:48.575370,ringnorm,DecisionTree,expected_error_reduction,0,2,8,0.23495284445544273
2025-03-28 11:47:36.755795,ringnorm,DecisionTree,expected_error_reduction,0,2,9,0.15790438144802188
2025-03-28 11:48:23.017994,ringnorm,DecisionTree,expected_error_reduction,0,2,10,0.0038534516230650517
2025-03-28 11:49:08.279566,ringnorm,DecisionTree,expected_error_reduction,0,2,11,0.05949800279498674
2025-03-28 11:49:53.855735,ringnorm,DecisionTree,expected_error_reduction,0,2,12,0.3088940550340674
2025-03-28 11:50:40.685247,ringnorm,DecisionTree,expected_error_reduction,0,2,13,0.3088940550340674
2025-03-28 11:51:27.207362,ringnorm,DecisionTree,expected_error_reduction,0,2,14,0.12804664957743483
2025-03-28 11:52:13.983773,ringnorm,DecisionTree,expected_error_reduction,0,2,15,0.014847423858425635
2025-03-28 11:53:00.387020,ringnorm,DecisionTree,expected_error_reduction,0,2,16,0.0277752328040195
2025-03-28 11:53:47.782126,ringnorm,DecisionTree,expected_error_reduction,0,2,17,0.41625352652770553
2025-03-28 11:54:36.255570,ringnorm,DecisionTree,expected_error_reduction,0,2,18,0.3094241487877393
2025-03-28 11:55:22.904078,ringnorm,DecisionTree,expected_error_reduction,0,2,19,0.36058194678884337
2025-03-28 11:56:09.694313,ringnorm,DecisionTree,expected_error_reduction,0,2,20,0.06396746332769732
2025-03-28 11:56:55.682710,ringnorm,DecisionTree,expected_error_reduction,0,2,21,0.3012288519430134
2025-03-28 11:57:43.453044,ringnorm,DecisionTree,expected_error_reduction,0,2,22,0.3026634559786865
2025-03-28 11:58:32.750500,ringnorm,DecisionTree,expected_error_reduction,0,2,23,0.26075413909253753
2025-03-28 11:59:22.080287,ringnorm,DecisionTree,expected_error_reduction,0,2,24,0.28390852117030274
2025-03-28 12:00:10.343174,ringnorm,DecisionTree,expected_error_reduction,0,2,25,0.18826568576009595
2025-03-28 12:00:59.152409,ringnorm,DecisionTree,expected_error_reduction,0,2,26,0.16634204775098527
2025-03-28 12:01:48.221246,ringnorm,DecisionTree,expected_error_reduction,0,2,27,0.16634204775098527
2025-03-28 12:02:40.287122,ringnorm,DecisionTree,expected_error_reduction,0,2,28,0.26030020722851055
2025-03-28 12:03:29.805198,ringnorm,DecisionTree,expected_error_reduction,0,2,29,0.17228522603697372
2025-03-28 12:04:19.277642,ringnorm,DecisionTree,expected_error_reduction,0,2,30,0.15657713234029624
2025-03-28 12:05:09.332669,ringnorm,DecisionTree,expected_error_reduction,0,2,31,0.1498478544370614
2025-03-28 12:05:59.601212,ringnorm,DecisionTree,expected_error_reduction,0,2,32,0.14584767787382402
2025-03-28 12:06:50.454462,ringnorm,DecisionTree,expected_error_reduction,0,2,33,0.26809559328974886
2025-03-28 12:07:42.128857,ringnorm,DecisionTree,expected_error_reduction,0,2,34,0.16653410638830846
2025-03-28 12:08:34.082271,ringnorm,DecisionTree,expected_error_reduction,0,2,35,0.15248602637635633
2025-03-28 12:09:25.343172,ringnorm,DecisionTree,expected_error_reduction,0,2,36,0.1672375649225496
2025-03-28 12:10:17.027721,ringnorm,DecisionTree,expected_error_reduction,0,2,37,0.11002828725248659
2025-03-28 12:11:09.164833,ringnorm,DecisionTree,expected_error_reduction,0,2,38,0.11002828725248659
2025-03-28 12:12:00.668933,ringnorm,DecisionTree,expected_error_reduction,0,2,39,0.10691658541751115
2025-03-28 12:12:53.233060,ringnorm,DecisionTree,expected_error_reduction,0,2,40,0.15925526104769783
2025-03-28 12:13:45.008682,ringnorm,DecisionTree,expected_error_reduction,0,2,41,0.15655190175846212
2025-03-28 12:14:37.324846,ringnorm,DecisionTree,expected_error_reduction,0,2,42,0.18645528773017217
2025-03-28 12:15:29.415184,ringnorm,DecisionTree,expected_error_reduction,0,2,43,0.20693923604137843
2025-03-28 12:16:22.819060,ringnorm,DecisionTree,expected_error_reduction,0,2,44,0.1920881159250949
2025-03-28 12:17:15.988452,ringnorm,DecisionTree,expected_error_reduction,0,2,45,0.2267601491383987
2025-03-28 12:18:10.102663,ringnorm,DecisionTree,expected_error_reduction,0,2,46,0.31256638718649743
2025-03-28 12:19:03.549706,ringnorm,DecisionTree,expected_error_reduction,0,2,47,0.3370627431232165
2025-03-28 12:19:58.566669,ringnorm,DecisionTree,expected_error_reduction,0,2,48,0.3720659316141468
2025-03-28 12:20:52.089835,ringnorm,DecisionTree,expected_error_reduction,0,2,49,0.3193479843030549
2025-03-28 12:21:49.062502,ringnorm,DecisionTree,expected_error_reduction,0,2,50,0.2948019300388308
2025-03-28 12:22:44.644772,ringnorm,DecisionTree,expected_error_reduction,0,2,51,0.19542767076456624
2025-03-28 12:23:40.477174,ringnorm,DecisionTree,expected_error_reduction,0,2,52,0.21716688097908854
2025-03-28 12:24:34.972180,ringnorm,DecisionTree,expected_error_reduction,0,2,53,0.24835421339606467
2025-03-28 12:25:29.966509,ringnorm,DecisionTree,expected_error_reduction,0,2,54,0.22056291058851407
2025-03-28 12:26:24.400131,ringnorm,DecisionTree,expected_error_reduction,0,2,55,0.28461595988596167
2025-03-28 12:27:19.391583,ringnorm,DecisionTree,expected_error_reduction,0,2,56,0.27927204944927664
2025-03-28 12:28:15.246730,ringnorm,DecisionTree,expected_error_reduction,0,2,57,0.28434182987334566
2025-03-28 12:29:12.596777,ringnorm,DecisionTree,expected_error_reduction,0,2,58,0.44824662235631885
2025-03-28 12:30:07.884280,ringnorm,DecisionTree,expected_error_reduction,0,2,59,0.4497467790144478
2025-03-28 12:31:00.292819,ringnorm,DecisionTree,expected_error_reduction,0,2,60,0.3981562710179256
2025-03-28 12:31:52.238653,ringnorm,DecisionTree,expected_error_reduction,0,2,61,0.3898229473668815
2025-03-28 12:32:50.191372,ringnorm,DecisionTree,expected_error_reduction,0,2,62,0.38544936847484845
2025-03-28 12:33:45.464496,ringnorm,DecisionTree,expected_error_reduction,0,2,63,0.38805686788512517
2025-03-28 12:34:39.974627,ringnorm,DecisionTree,expected_error_reduction,0,2,64,0.36284564170624434
2025-03-28 12:35:37.409753,ringnorm,DecisionTree,expected_error_reduction,0,2,65,0.4094896535604462
2025-03-28 12:36:34.744079,ringnorm,DecisionTree,expected_error_reduction,0,2,66,0.4438901424019174
2025-03-28 12:37:31.556181,ringnorm,DecisionTree,expected_error_reduction,0,2,67,0.37099445392959385
2025-03-28 12:38:33.301710,ringnorm,DecisionTree,expected_error_reduction,0,2,68,0.4445945945945946
2025-03-28 12:39:31.739975,ringnorm,DecisionTree,expected_error_reduction,0,2,69,0.4519328469976157
2025-03-28 12:40:30.153659,ringnorm,DecisionTree,expected_error_reduction,0,2,70,0.4361549340554526
2025-03-28 12:41:27.771663,ringnorm,DecisionTree,expected_error_reduction,0,2,71,0.39747444597187465
2025-03-28 12:42:26.932362,ringnorm,DecisionTree,expected_error_reduction,0,2,72,0.35440891693937404
2025-03-28 12:43:24.734159,ringnorm,DecisionTree,expected_error_reduction,0,2,73,0.3362489130514209
2025-03-28 12:44:24.487313,ringnorm,DecisionTree,expected_error_reduction,0,2,74,0.4368464275937586
2025-03-28 12:45:23.793422,ringnorm,DecisionTree,expected_error_reduction,0,2,75,0.3864472711002347
2025-03-28 12:46:21.190889,ringnorm,DecisionTree,expected_error_reduction,0,2,76,0.4883218577021736
2025-03-28 12:47:22.252469,ringnorm,DecisionTree,expected_error_reduction,0,2,77,0.3387327263889245
2025-03-28 12:48:22.019674,ringnorm,DecisionTree,expected_error_reduction,0,2,78,0.36670135009353544
2025-03-28 12:49:20.963387,ringnorm,DecisionTree,expected_error_reduction,0,2,79,0.330755991771021
2025-03-28 12:50:21.013218,ringnorm,DecisionTree,expected_error_reduction,0,2,80,0.38353949611149774
2025-03-28 12:51:22.000074,ringnorm,DecisionTree,expected_error_reduction,0,2,81,0.32403917649702485
2025-03-28 12:52:23.752667,ringnorm,DecisionTree,expected_error_reduction,0,2,82,0.34257933961798526
2025-03-28 12:53:25.157289,ringnorm,DecisionTree,expected_error_reduction,0,2,83,0.3698916989937343
2025-03-28 12:54:24.278122,ringnorm,DecisionTree,expected_error_reduction,0,2,84,0.34662913132494877
2025-03-28 12:55:24.181961,ringnorm,DecisionTree,expected_error_reduction,0,2,85,0.3197311236443785
2025-03-28 12:56:24.303384,ringnorm,DecisionTree,expected_error_reduction,0,2,86,0.38252715069273524
2025-03-28 12:57:25.623248,ringnorm,DecisionTree,expected_error_reduction,0,2,87,0.4620727695800434
2025-03-28 12:58:27.570275,ringnorm,DecisionTree,expected_error_reduction,0,2,88,0.35756609849800236
2025-03-28 12:59:35.031113,ringnorm,DecisionTree,expected_error_reduction,0,2,89,0.3623496378895176
2025-03-28 13:00:40.556893,ringnorm,DecisionTree,expected_error_reduction,0,2,90,0.41718015627626837
2025-03-28 13:01:46.694085,ringnorm,DecisionTree,expected_error_reduction,0,2,91,0.3838074142518275
2025-03-28 13:02:50.081520,ringnorm,DecisionTree,expected_error_reduction,0,2,92,0.403703419468716
2025-03-28 13:03:54.620619,ringnorm,DecisionTree,expected_error_reduction,0,2,93,0.38335023710972826
2025-03-28 13:04:58.028929,ringnorm,DecisionTree,expected_error_reduction,0,2,94,0.3958996124611457
2025-03-28 13:06:00.981098,ringnorm,DecisionTree,expected_error_reduction,0,2,95,0.3484904112941968
2025-03-28 13:07:03.960880,ringnorm,DecisionTree,expected_error_reduction,0,2,96,0.4845948821445416
2025-03-28 13:08:12.591365,ringnorm,DecisionTree,expected_error_reduction,0,2,97,0.4712836911831886
2025-03-28 13:09:10.752824,ringnorm,DecisionTree,expected_error_reduction,0,2,98,0.5063655270978095
2025-03-28 13:10:12.953973,ringnorm,DecisionTree,expected_error_reduction,0,2,99,0.43446281097506345
2025-03-28 13:11:16.003857,ringnorm,DecisionTree,expected_error_reduction,0,2,100,0.44564123084456575
2025-03-28 13:11:16.011794,ringnorm,DecisionTree,expected_error_reduction,0,3,0,0.10344764667779693
2025-03-28 13:11:55.898074,ringnorm,DecisionTree,expected_error_reduction,0,3,1,-0.05322276433472917
2025-03-28 13:12:36.568651,ringnorm,DecisionTree,expected_error_reduction,0,3,2,-0.02951433064178066
2025-03-28 13:13:12.377355,ringnorm,DecisionTree,expected_error_reduction,0,3,3,0.003188915768638667
2025-03-28 13:13:50.267212,ringnorm,DecisionTree,expected_error_reduction,0,3,4,0.0867200858036471
2025-03-28 13:14:25.936267,ringnorm,DecisionTree,expected_error_reduction,0,3,5,0.07209264753400102
2025-03-28 13:15:03.597590,ringnorm,DecisionTree,expected_error_reduction,0,3,6,0.050111284955596136
2025-03-28 13:15:43.918934,ringnorm,DecisionTree,expected_error_reduction,0,3,7,0.058095325557902644
2025-03-28 13:16:23.883214,ringnorm,DecisionTree,expected_error_reduction,0,3,8,0.058095325557902644
2025-03-28 13:17:04.616022,ringnorm,DecisionTree,expected_error_reduction,0,3,9,0.15654828555901235
2025-03-28 13:17:45.335911,ringnorm,DecisionTree,expected_error_reduction,0,3,10,0.13747879539609287
2025-03-28 13:18:27.067261,ringnorm,DecisionTree,expected_error_reduction,0,3,11,0.15654828555901235
2025-03-28 13:19:08.654658,ringnorm,DecisionTree,expected_error_reduction,0,3,12,0.13747879539609287
2025-03-28 13:19:50.256782,ringnorm,DecisionTree,expected_error_reduction,0,3,13,0.1528256574058955
2025-03-28 13:20:31.679335,ringnorm,DecisionTree,expected_error_reduction,0,3,14,0.16915761864990397
2025-03-28 13:21:12.836252,ringnorm,DecisionTree,expected_error_reduction,0,3,15,0.1620817107054897
2025-03-28 13:21:54.614705,ringnorm,DecisionTree,expected_error_reduction,0,3,16,0.04237410505882799
2025-03-28 13:22:36.755815,ringnorm,DecisionTree,expected_error_reduction,0,3,17,0.07175078947993974
2025-03-28 13:23:18.493541,ringnorm,DecisionTree,expected_error_reduction,0,3,18,-0.005495378512686333
2025-03-28 13:24:00.478448,ringnorm,DecisionTree,expected_error_reduction,0,3,19,0.00569774043789173
2025-03-28 13:24:43.383874,ringnorm,DecisionTree,expected_error_reduction,0,3,20,0.06787035818232334
2025-03-28 13:25:22.034061,ringnorm,DecisionTree,expected_error_reduction,0,3,21,0.06756010402302848
2025-03-28 13:25:58.800812,ringnorm,DecisionTree,expected_error_reduction,0,3,22,0.00569774043789173
2025-03-28 13:26:36.501487,ringnorm,DecisionTree,expected_error_reduction,0,3,23,0.0018362154249397244
2025-03-28 13:27:16.863638,ringnorm,DecisionTree,expected_error_reduction,0,3,24,0.06599910627160221
2025-03-28 13:28:09.466792,ringnorm,DecisionTree,expected_error_reduction,0,3,25,0.27452309834893995
2025-03-28 13:28:49.643116,ringnorm,DecisionTree,expected_error_reduction,0,3,26,0.11619799207185655
2025-03-28 13:29:29.220354,ringnorm,DecisionTree,expected_error_reduction,0,3,27,0.11619799207185655
2025-03-28 13:30:07.349176,ringnorm,DecisionTree,expected_error_reduction,0,3,28,0.11619799207185655
2025-03-28 13:30:47.224662,ringnorm,DecisionTree,expected_error_reduction,0,3,29,0.11619799207185655
2025-03-28 13:31:31.137035,ringnorm,DecisionTree,expected_error_reduction,0,3,30,0.07371893708682375
2025-03-28 13:32:18.334346,ringnorm,DecisionTree,expected_error_reduction,0,3,31,0.12614512128672717
2025-03-28 13:33:03.933616,ringnorm,DecisionTree,expected_error_reduction,0,3,32,0.14866850689721822
2025-03-28 13:33:45.166449,ringnorm,DecisionTree,expected_error_reduction,0,3,33,0.16556151447142142
2025-03-28 13:34:30.362526,ringnorm,DecisionTree,expected_error_reduction,0,3,34,0.10587402146793046
2025-03-28 13:35:15.405131,ringnorm,DecisionTree,expected_error_reduction,0,3,35,0.12427153308096828
2025-03-28 13:35:57.689060,ringnorm,DecisionTree,expected_error_reduction,0,3,36,0.17363846865471744
2025-03-28 13:36:40.430573,ringnorm,DecisionTree,expected_error_reduction,0,3,37,0.08113981027509198
2025-03-28 13:37:24.851176,ringnorm,DecisionTree,expected_error_reduction,0,3,38,0.21734674712021174
2025-03-28 13:38:10.323415,ringnorm,DecisionTree,expected_error_reduction,0,3,39,0.38078821064016766
2025-03-28 13:38:56.352947,ringnorm,DecisionTree,expected_error_reduction,0,3,40,0.39667259562037394
2025-03-28 13:39:42.537723,ringnorm,DecisionTree,expected_error_reduction,0,3,41,0.17064133103341272
2025-03-28 13:40:28.953187,ringnorm,DecisionTree,expected_error_reduction,0,3,42,0.30060035246027506
2025-03-28 13:41:15.405823,ringnorm,DecisionTree,expected_error_reduction,0,3,43,0.1469818427220414
2025-03-28 13:42:02.897564,ringnorm,DecisionTree,expected_error_reduction,0,3,44,0.30406207745776637
2025-03-28 13:42:50.523957,ringnorm,DecisionTree,expected_error_reduction,0,3,45,0.29821477937851404
2025-03-28 13:43:37.245058,ringnorm,DecisionTree,expected_error_reduction,0,3,46,0.2885252673696602
2025-03-28 13:44:20.030345,ringnorm,DecisionTree,expected_error_reduction,0,3,47,0.3031097652407023
2025-03-28 13:45:00.552422,ringnorm,DecisionTree,expected_error_reduction,0,3,48,0.24375149951191455
2025-03-28 13:45:43.699886,ringnorm,DecisionTree,expected_error_reduction,0,3,49,0.30956636596641496
2025-03-28 13:46:29.809513,ringnorm,DecisionTree,expected_error_reduction,0,3,50,0.29728325307024606
2025-03-28 13:47:16.770725,ringnorm,DecisionTree,expected_error_reduction,0,3,51,0.25220915736230176
2025-03-28 13:48:04.094319,ringnorm,DecisionTree,expected_error_reduction,0,3,52,0.25731062572667507
2025-03-28 13:48:51.495232,ringnorm,DecisionTree,expected_error_reduction,0,3,53,0.31774153716695175
2025-03-28 13:49:38.472949,ringnorm,DecisionTree,expected_error_reduction,0,3,54,0.2933751634943429
2025-03-28 13:50:26.168218,ringnorm,DecisionTree,expected_error_reduction,0,3,55,0.30901781635449976
2025-03-28 13:51:13.959758,ringnorm,DecisionTree,expected_error_reduction,0,3,56,0.3392398683811687
2025-03-28 13:52:01.954388,ringnorm,DecisionTree,expected_error_reduction,0,3,57,0.40196116075264987
2025-03-28 13:52:47.512818,ringnorm,DecisionTree,expected_error_reduction,0,3,58,0.3515588126607566
2025-03-28 13:53:34.804299,ringnorm,DecisionTree,expected_error_reduction,0,3,59,0.40419114666822464
2025-03-28 13:54:29.561918,ringnorm,DecisionTree,expected_error_reduction,0,3,60,0.3887594455561342
2025-03-28 13:55:24.455133,ringnorm,DecisionTree,expected_error_reduction,0,3,61,0.4226630075314358
2025-03-28 13:56:19.124530,ringnorm,DecisionTree,expected_error_reduction,0,3,62,0.4192160349502201
2025-03-28 13:57:08.535720,ringnorm,DecisionTree,expected_error_reduction,0,3,63,0.3869915368916912
2025-03-28 13:57:58.677594,ringnorm,DecisionTree,expected_error_reduction,0,3,64,0.44599423040313957
2025-03-28 13:58:47.041611,ringnorm,DecisionTree,expected_error_reduction,0,3,65,0.425595210852472
2025-03-28 13:59:37.150617,ringnorm,DecisionTree,expected_error_reduction,0,3,66,0.4059822339573512
2025-03-28 14:00:27.110484,ringnorm,DecisionTree,expected_error_reduction,0,3,67,0.35549623167297617
2025-03-28 14:01:16.823412,ringnorm,DecisionTree,expected_error_reduction,0,3,68,0.4185309600301853
2025-03-28 14:02:07.305302,ringnorm,DecisionTree,expected_error_reduction,0,3,69,0.4365774422328986
2025-03-28 14:02:56.398890,ringnorm,DecisionTree,expected_error_reduction,0,3,70,0.4365774422328986
2025-03-28 14:03:54.851368,ringnorm,DecisionTree,expected_error_reduction,0,3,71,0.40367501753627677
2025-03-28 14:04:44.286959,ringnorm,DecisionTree,expected_error_reduction,0,3,72,0.40646167876194184
2025-03-28 14:05:39.060540,ringnorm,DecisionTree,expected_error_reduction,0,3,73,0.46237267539958793
2025-03-28 14:06:32.436608,ringnorm,DecisionTree,expected_error_reduction,0,3,74,0.40508369043694836
2025-03-28 14:07:24.535825,ringnorm,DecisionTree,expected_error_reduction,0,3,75,0.40786992108106135
2025-03-28 14:08:15.485397,ringnorm,DecisionTree,expected_error_reduction,0,3,76,0.4120177881279442
2025-03-28 14:09:04.812844,ringnorm,DecisionTree,expected_error_reduction,0,3,77,0.43511450381679395
2025-03-28 14:09:58.302098,ringnorm,DecisionTree,expected_error_reduction,0,3,78,0.44047571098507177
2025-03-28 14:10:50.314240,ringnorm,DecisionTree,expected_error_reduction,0,3,79,0.42588949983074564
2025-03-28 14:11:43.647748,ringnorm,DecisionTree,expected_error_reduction,0,3,80,0.37204985415009284
2025-03-28 14:12:43.707516,ringnorm,DecisionTree,expected_error_reduction,0,3,81,0.3999245832860454
2025-03-28 14:13:38.978592,ringnorm,DecisionTree,expected_error_reduction,0,3,82,0.3593038410285697
2025-03-28 14:14:37.629674,ringnorm,DecisionTree,expected_error_reduction,0,3,83,0.37171203712344536
2025-03-28 14:15:38.129715,ringnorm,DecisionTree,expected_error_reduction,0,3,84,0.34740566857619615
2025-03-28 14:16:39.256505,ringnorm,DecisionTree,expected_error_reduction,0,3,85,0.375462261180313
2025-03-28 14:17:39.955967,ringnorm,DecisionTree,expected_error_reduction,0,3,86,0.4071000916459503
2025-03-28 14:18:36.643477,ringnorm,DecisionTree,expected_error_reduction,0,3,87,0.35408432147562585
2025-03-28 14:19:33.227635,ringnorm,DecisionTree,expected_error_reduction,0,3,88,0.4097922821523631
2025-03-28 14:20:28.614972,ringnorm,DecisionTree,expected_error_reduction,0,3,89,0.3796934339967971
2025-03-28 14:21:21.088884,ringnorm,DecisionTree,expected_error_reduction,0,3,90,0.35922173688584913
2025-03-28 14:22:15.656441,ringnorm,DecisionTree,expected_error_reduction,0,3,91,0.4028173756464263
2025-03-28 14:23:08.923680,ringnorm,DecisionTree,expected_error_reduction,0,3,92,0.45023394884050305
2025-03-28 14:24:02.576012,ringnorm,DecisionTree,expected_error_reduction,0,3,93,0.47736957567840044
2025-03-28 14:24:57.608262,ringnorm,DecisionTree,expected_error_reduction,0,3,94,0.3969063290953778
2025-03-28 14:25:51.521089,ringnorm,DecisionTree,expected_error_reduction,0,3,95,0.45691403304562994
2025-03-28 14:26:44.644515,ringnorm,DecisionTree,expected_error_reduction,0,3,96,0.4324924865563352
2025-03-28 14:27:44.811426,ringnorm,DecisionTree,expected_error_reduction,0,3,97,0.4268985290725137
2025-03-28 14:28:47.716437,ringnorm,DecisionTree,expected_error_reduction,0,3,98,0.4992126041859095
2025-03-28 14:29:50.212615,ringnorm,DecisionTree,expected_error_reduction,0,3,99,0.4521702640746027
2025-03-28 14:30:49.232153,ringnorm,DecisionTree,expected_error_reduction,0,3,100,0.38421157783410953
2025-03-28 14:30:49.244128,ringnorm,DecisionTree,expected_error_reduction,0,4,0,0.2138193688792166
2025-03-28 14:31:25.070579,ringnorm,DecisionTree,expected_error_reduction,0,4,1,0.2138193688792166
2025-03-28 14:32:02.069748,ringnorm,DecisionTree,expected_error_reduction,0,4,2,0.2138193688792166
2025-03-28 14:32:38.862132,ringnorm,DecisionTree,expected_error_reduction,0,4,3,0.2138193688792166
2025-03-28 14:33:12.625258,ringnorm,DecisionTree,expected_error_reduction,0,4,4,0.26474045341678787
2025-03-28 14:33:45.229292,ringnorm,DecisionTree,expected_error_reduction,0,4,5,0.25565551385217533
2025-03-28 14:34:18.956903,ringnorm,DecisionTree,expected_error_reduction,0,4,6,0.3110449377368706
2025-03-28 14:34:56.408958,ringnorm,DecisionTree,expected_error_reduction,0,4,7,0.3110449377368706
2025-03-28 14:35:30.626691,ringnorm,DecisionTree,expected_error_reduction,0,4,8,0.24524515027222704
2025-03-28 14:36:04.469694,ringnorm,DecisionTree,expected_error_reduction,0,4,9,0.3083176024701114
2025-03-28 14:36:39.928792,ringnorm,DecisionTree,expected_error_reduction,0,4,10,0.22717030273766148
2025-03-28 14:37:14.966988,ringnorm,DecisionTree,expected_error_reduction,0,4,11,0.24739419172298538
2025-03-28 14:37:54.626983,ringnorm,DecisionTree,expected_error_reduction,0,4,12,0.3423593434565084
2025-03-28 14:38:34.171326,ringnorm,DecisionTree,expected_error_reduction,0,4,13,0.3423593434565084
2025-03-28 14:39:10.097844,ringnorm,DecisionTree,expected_error_reduction,0,4,14,0.34148334014121495
2025-03-28 14:39:45.161896,ringnorm,DecisionTree,expected_error_reduction,0,4,15,0.30451127819548873
2025-03-28 14:40:18.358139,ringnorm,DecisionTree,expected_error_reduction,0,4,16,0.34274646551598353
2025-03-28 14:40:57.441218,ringnorm,DecisionTree,expected_error_reduction,0,4,17,0.3313970502165515
2025-03-28 14:41:37.851687,ringnorm,DecisionTree,expected_error_reduction,0,4,18,0.3476765962427577
2025-03-28 14:42:17.934089,ringnorm,DecisionTree,expected_error_reduction,0,4,19,0.3365972893065191
2025-03-28 14:42:58.090683,ringnorm,DecisionTree,expected_error_reduction,0,4,20,0.3070098576122673
2025-03-28 14:43:33.201022,ringnorm,DecisionTree,expected_error_reduction,0,4,21,0.3380189963265964
2025-03-28 14:44:08.087222,ringnorm,DecisionTree,expected_error_reduction,0,4,22,0.3476765962427577
2025-03-28 14:44:48.871223,ringnorm,DecisionTree,expected_error_reduction,0,4,23,0.3693304851641599
2025-03-28 14:45:31.769300,ringnorm,DecisionTree,expected_error_reduction,0,4,24,0.3070098576122673
2025-03-28 14:46:14.269147,ringnorm,DecisionTree,expected_error_reduction,0,4,25,0.3407650769028141
2025-03-28 14:46:54.791110,ringnorm,DecisionTree,expected_error_reduction,0,4,26,0.3407650769028141
2025-03-28 14:47:38.003423,ringnorm,DecisionTree,expected_error_reduction,0,4,27,0.3385336096436181
2025-03-28 14:48:21.623462,ringnorm,DecisionTree,expected_error_reduction,0,4,28,0.4007648099673895
2025-03-28 14:49:05.515109,ringnorm,DecisionTree,expected_error_reduction,0,4,29,0.3877215541300758
2025-03-28 14:49:50.985930,ringnorm,DecisionTree,expected_error_reduction,0,4,30,0.2933578259855376
2025-03-28 14:50:34.152688,ringnorm,DecisionTree,expected_error_reduction,0,4,31,0.2933578259855376
2025-03-28 14:51:13.527290,ringnorm,DecisionTree,expected_error_reduction,0,4,32,0.2652942035333625
2025-03-28 14:51:50.730672,ringnorm,DecisionTree,expected_error_reduction,0,4,33,0.26220527653606807
2025-03-28 14:52:28.065236,ringnorm,DecisionTree,expected_error_reduction,0,4,34,0.27394881970178864
2025-03-28 14:53:07.618671,ringnorm,DecisionTree,expected_error_reduction,0,4,35,0.2551639631228848
2025-03-28 14:53:45.294150,ringnorm,DecisionTree,expected_error_reduction,0,4,36,0.2730366951034241
2025-03-28 14:54:23.698893,ringnorm,DecisionTree,expected_error_reduction,0,4,37,0.265808748431527
2025-03-28 14:55:02.292195,ringnorm,DecisionTree,expected_error_reduction,0,4,38,0.25299735677672797
2025-03-28 14:55:41.011494,ringnorm,DecisionTree,expected_error_reduction,0,4,39,0.2970097337113794
2025-03-28 14:56:19.469679,ringnorm,DecisionTree,expected_error_reduction,0,4,40,0.24397221087045362
2025-03-28 14:57:00.490528,ringnorm,DecisionTree,expected_error_reduction,0,4,41,0.33267019369507245
2025-03-28 14:57:46.038321,ringnorm,DecisionTree,expected_error_reduction,0,4,42,0.35467627999299434
2025-03-28 14:58:31.487384,ringnorm,DecisionTree,expected_error_reduction,0,4,43,0.35467627999299434
2025-03-28 14:59:15.832408,ringnorm,DecisionTree,expected_error_reduction,0,4,44,0.35467627999299434
2025-03-28 14:59:55.209938,ringnorm,DecisionTree,expected_error_reduction,0,4,45,0.324581347558043
2025-03-28 15:00:29.916769,ringnorm,DecisionTree,expected_error_reduction,0,4,46,0.35467627999299434
2025-03-28 15:01:02.906825,ringnorm,DecisionTree,expected_error_reduction,0,4,47,0.35467627999299434
2025-03-28 15:01:36.209490,ringnorm,DecisionTree,expected_error_reduction,0,4,48,0.3232036146334353
2025-03-28 15:02:09.747988,ringnorm,DecisionTree,expected_error_reduction,0,4,49,0.2797252763276853
2025-03-28 15:02:43.437440,ringnorm,DecisionTree,expected_error_reduction,0,4,50,0.3050388784337753
2025-03-28 15:03:17.368642,ringnorm,DecisionTree,expected_error_reduction,0,4,51,0.3232036146334353
2025-03-28 15:03:51.357459,ringnorm,DecisionTree,expected_error_reduction,0,4,52,0.3426505566986239
2025-03-28 15:04:25.615610,ringnorm,DecisionTree,expected_error_reduction,0,4,53,0.3426505566986239
2025-03-28 15:04:59.751926,ringnorm,DecisionTree,expected_error_reduction,0,4,54,0.3426505566986239
2025-03-28 15:05:34.941848,ringnorm,DecisionTree,expected_error_reduction,0,4,55,0.3232036146334353
2025-03-28 15:06:11.007207,ringnorm,DecisionTree,expected_error_reduction,0,4,56,0.3426505566986239
2025-03-28 15:06:47.425883,ringnorm,DecisionTree,expected_error_reduction,0,4,57,0.3232036146334353
2025-03-28 15:07:22.358537,ringnorm,DecisionTree,expected_error_reduction,0,4,58,0.3232036146334353
2025-03-28 15:07:58.002322,ringnorm,DecisionTree,expected_error_reduction,0,4,59,0.3232036146334353
2025-03-28 15:08:33.267674,ringnorm,DecisionTree,expected_error_reduction,0,4,60,0.2823392154003208
2025-03-28 15:09:09.549122,ringnorm,DecisionTree,expected_error_reduction,0,4,61,0.3012861642557162
2025-03-28 15:09:45.981229,ringnorm,DecisionTree,expected_error_reduction,0,4,62,0.3750273614779577
2025-03-28 15:10:25.099731,ringnorm,DecisionTree,expected_error_reduction,0,4,63,0.3028078666919365
2025-03-28 15:11:04.014783,ringnorm,DecisionTree,expected_error_reduction,0,4,64,0.33150102930226455
2025-03-28 15:11:42.230984,ringnorm,DecisionTree,expected_error_reduction,0,4,65,0.3460605883555842
2025-03-28 15:12:20.192405,ringnorm,DecisionTree,expected_error_reduction,0,4,66,0.33150102930226455
2025-03-28 15:12:58.249738,ringnorm,DecisionTree,expected_error_reduction,0,4,67,0.3367093598936808
2025-03-28 15:13:36.583333,ringnorm,DecisionTree,expected_error_reduction,0,4,68,0.3281329923273657
2025-03-28 15:14:15.918154,ringnorm,DecisionTree,expected_error_reduction,0,4,69,0.39277899343544853
2025-03-28 15:14:57.601278,ringnorm,DecisionTree,expected_error_reduction,0,4,70,0.40098013476853067
2025-03-28 15:15:38.310798,ringnorm,DecisionTree,expected_error_reduction,0,4,71,0.41847659611709964
2025-03-28 15:16:18.275552,ringnorm,DecisionTree,expected_error_reduction,0,4,72,0.34395244432095695
2025-03-28 15:16:57.673742,ringnorm,DecisionTree,expected_error_reduction,0,4,73,0.32694836503901115
2025-03-28 15:17:37.486091,ringnorm,DecisionTree,expected_error_reduction,0,4,74,0.337315047663606
2025-03-28 15:18:17.957519,ringnorm,DecisionTree,expected_error_reduction,0,4,75,0.32694836503901115
2025-03-28 15:18:58.431102,ringnorm,DecisionTree,expected_error_reduction,0,4,76,0.3783602150537634
2025-03-28 15:19:39.800701,ringnorm,DecisionTree,expected_error_reduction,0,4,77,0.35341116380882887
2025-03-28 15:20:21.221722,ringnorm,DecisionTree,expected_error_reduction,0,4,78,0.42398772109340743
2025-03-28 15:21:03.261840,ringnorm,DecisionTree,expected_error_reduction,0,4,79,0.42524744513808677
2025-03-28 15:21:45.629618,ringnorm,DecisionTree,expected_error_reduction,0,4,80,0.41163783649417307
2025-03-28 15:22:28.219788,ringnorm,DecisionTree,expected_error_reduction,0,4,81,0.39153632509866987
2025-03-28 15:23:10.983170,ringnorm,DecisionTree,expected_error_reduction,0,4,82,0.4035573816033805
2025-03-28 15:23:54.115077,ringnorm,DecisionTree,expected_error_reduction,0,4,83,0.35702787736884467
2025-03-28 15:24:37.678136,ringnorm,DecisionTree,expected_error_reduction,0,4,84,0.3682636481960836
2025-03-28 15:25:21.578309,ringnorm,DecisionTree,expected_error_reduction,0,4,85,0.36704974120536893
2025-03-28 15:26:05.917665,ringnorm,DecisionTree,expected_error_reduction,0,4,86,0.349401201982833
2025-03-28 15:26:50.295757,ringnorm,DecisionTree,expected_error_reduction,0,4,87,0.4437413124588485
2025-03-28 15:27:34.861247,ringnorm,DecisionTree,expected_error_reduction,0,4,88,0.38539105491160286
2025-03-28 15:28:19.463348,ringnorm,DecisionTree,expected_error_reduction,0,4,89,0.4619106083194481
2025-03-28 15:29:04.257032,ringnorm,DecisionTree,expected_error_reduction,0,4,90,0.395566243220723
2025-03-28 15:29:49.010070,ringnorm,DecisionTree,expected_error_reduction,0,4,91,0.44170429801101907
2025-03-28 15:30:34.816013,ringnorm,DecisionTree,expected_error_reduction,0,4,92,0.4546804371041121
2025-03-28 15:31:21.339707,ringnorm,DecisionTree,expected_error_reduction,0,4,93,0.4442454719546245
2025-03-28 15:32:08.318727,ringnorm,DecisionTree,expected_error_reduction,0,4,94,0.44933228019366067
2025-03-28 15:32:55.512626,ringnorm,DecisionTree,expected_error_reduction,0,4,95,0.4089154371444865
2025-03-28 15:33:42.700868,ringnorm,DecisionTree,expected_error_reduction,0,4,96,0.4806258224886679
2025-03-28 15:34:29.867213,ringnorm,DecisionTree,expected_error_reduction,0,4,97,0.4545527705836735
2025-03-28 15:35:17.388699,ringnorm,DecisionTree,expected_error_reduction,0,4,98,0.4477288691173027
2025-03-28 15:36:05.121064,ringnorm,DecisionTree,expected_error_reduction,0,4,99,0.40256305345296195
2025-03-28 15:36:54.456040,ringnorm,DecisionTree,expected_error_reduction,0,4,100,0.41277572991633027
