time,dataset,classifier,method,run,fold,query,kappa
2025-03-29 10:10:10.510056,thyroid-ann,5NN,local_set_cardinality_sampling,0,0,0,0.0
2025-03-29 10:10:17.301537,thyroid-ann,5NN,local_set_cardinality_sampling,0,0,1,0.0
2025-03-29 10:10:23.274396,thyroid-ann,5NN,local_set_cardinality_sampling,0,0,2,0.0
2025-03-29 10:10:29.591077,thyroid-ann,5NN,local_set_cardinality_sampling,0,0,3,0.0
2025-03-29 10:10:35.583190,thyroid-ann,5NN,local_set_cardinality_sampling,0,0,4,0.0
2025-03-29 10:10:41.576643,thyroid-ann,5NN,local_set_cardinality_sampling,0,0,5,0.0
2025-03-29 10:10:47.356564,thyroid-ann,5NN,local_set_cardinality_sampling,0,0,6,0.0
2025-03-29 10:10:53.444547,thyroid-ann,5NN,local_set_cardinality_sampling,0,0,7,0.0
2025-03-29 10:10:59.255096,thyroid-ann,5NN,local_set_cardinality_sampling,0,0,8,0.0
2025-03-29 10:11:04.907459,thyroid-ann,5NN,local_set_cardinality_sampling,0,0,9,0.0
2025-03-29 10:11:10.632651,thyroid-ann,5NN,local_set_cardinality_sampling,0,0,10,0.0
2025-03-29 10:11:16.291057,thyroid-ann,5NN,local_set_cardinality_sampling,0,0,11,0.0
2025-03-29 10:11:21.965703,thyroid-ann,5NN,local_set_cardinality_sampling,0,0,12,0.0
2025-03-29 10:11:27.708193,thyroid-ann,5NN,local_set_cardinality_sampling,0,0,13,0.0
2025-03-29 10:11:33.416363,thyroid-ann,5NN,local_set_cardinality_sampling,0,0,14,0.0
2025-03-29 10:11:39.047092,thyroid-ann,5NN,local_set_cardinality_sampling,0,0,15,0.0
2025-03-29 10:11:44.787750,thyroid-ann,5NN,local_set_cardinality_sampling,0,0,16,0.0
2025-03-29 10:11:50.352865,thyroid-ann,5NN,local_set_cardinality_sampling,0,0,17,0.03280413597474496
2025-03-29 10:11:56.006884,thyroid-ann,5NN,local_set_cardinality_sampling,0,0,18,0.1253743087582786
2025-03-29 10:12:01.703016,thyroid-ann,5NN,local_set_cardinality_sampling,0,0,19,0.1253743087582786
2025-03-29 10:12:07.400085,thyroid-ann,5NN,local_set_cardinality_sampling,0,0,20,0.23669713413250248
2025-03-29 10:12:13.051549,thyroid-ann,5NN,local_set_cardinality_sampling,0,0,21,0.23669713413250248
2025-03-29 10:12:18.774049,thyroid-ann,5NN,local_set_cardinality_sampling,0,0,22,0.3821015968481758
2025-03-29 10:12:24.387868,thyroid-ann,5NN,local_set_cardinality_sampling,0,0,23,0.3821015968481758
2025-03-29 10:12:30.011888,thyroid-ann,5NN,local_set_cardinality_sampling,0,0,24,0.3821015968481758
2025-03-29 10:12:35.559695,thyroid-ann,5NN,local_set_cardinality_sampling,0,0,25,0.42568507764522534
2025-03-29 10:12:41.217261,thyroid-ann,5NN,local_set_cardinality_sampling,0,0,26,0.42568507764522534
2025-03-29 10:12:46.781015,thyroid-ann,5NN,local_set_cardinality_sampling,0,0,27,0.4124726279023473
2025-03-29 10:12:52.488646,thyroid-ann,5NN,local_set_cardinality_sampling,0,0,28,0.4124726279023473
2025-03-29 10:12:58.120937,thyroid-ann,5NN,local_set_cardinality_sampling,0,0,29,0.4399010862845536
2025-03-29 10:13:03.807536,thyroid-ann,5NN,local_set_cardinality_sampling,0,0,30,0.4813317783138691
2025-03-29 10:13:09.368395,thyroid-ann,5NN,local_set_cardinality_sampling,0,0,31,0.4813317783138691
2025-03-29 10:13:14.969570,thyroid-ann,5NN,local_set_cardinality_sampling,0,0,32,0.47635246713785584
2025-03-29 10:13:20.495537,thyroid-ann,5NN,local_set_cardinality_sampling,0,0,33,0.4579771604113797
2025-03-29 10:13:26.132855,thyroid-ann,5NN,local_set_cardinality_sampling,0,0,34,0.4579771604113797
2025-03-29 10:13:31.678332,thyroid-ann,5NN,local_set_cardinality_sampling,0,0,35,0.4579771604113797
2025-03-29 10:13:37.258692,thyroid-ann,5NN,local_set_cardinality_sampling,0,0,36,0.4391923830103316
2025-03-29 10:13:42.903528,thyroid-ann,5NN,local_set_cardinality_sampling,0,0,37,0.445547859467579
2025-03-29 10:13:48.458649,thyroid-ann,5NN,local_set_cardinality_sampling,0,0,38,0.48802240731185964
2025-03-29 10:13:54.007228,thyroid-ann,5NN,local_set_cardinality_sampling,0,0,39,0.48802240731185964
2025-03-29 10:13:59.593263,thyroid-ann,5NN,local_set_cardinality_sampling,0,0,40,0.48752343396470355
2025-03-29 10:14:05.125668,thyroid-ann,5NN,local_set_cardinality_sampling,0,0,41,0.5012880639408152
2025-03-29 10:14:10.698054,thyroid-ann,5NN,local_set_cardinality_sampling,0,0,42,0.49579270735942305
2025-03-29 10:14:16.257774,thyroid-ann,5NN,local_set_cardinality_sampling,0,0,43,0.46894732635280956
2025-03-29 10:14:21.941031,thyroid-ann,5NN,local_set_cardinality_sampling,0,0,44,0.49957159254409367
2025-03-29 10:14:27.483002,thyroid-ann,5NN,local_set_cardinality_sampling,0,0,45,0.4901545497797627
2025-03-29 10:14:33.067754,thyroid-ann,5NN,local_set_cardinality_sampling,0,0,46,0.4613666677006112
2025-03-29 10:14:38.618838,thyroid-ann,5NN,local_set_cardinality_sampling,0,0,47,0.40744616491440344
2025-03-29 10:14:44.170614,thyroid-ann,5NN,local_set_cardinality_sampling,0,0,48,0.44949502784715867
2025-03-29 10:14:50.231149,thyroid-ann,5NN,local_set_cardinality_sampling,0,0,49,0.4499437748459748
2025-03-29 10:14:56.572295,thyroid-ann,5NN,local_set_cardinality_sampling,0,0,50,0.4626247593781847
2025-03-29 10:15:02.261046,thyroid-ann,5NN,local_set_cardinality_sampling,0,0,51,0.4926237639604468
2025-03-29 10:15:07.785027,thyroid-ann,5NN,local_set_cardinality_sampling,0,0,52,0.48612628013359294
2025-03-29 10:15:13.862822,thyroid-ann,5NN,local_set_cardinality_sampling,0,0,53,0.4941745510400837
2025-03-29 10:15:19.833316,thyroid-ann,5NN,local_set_cardinality_sampling,0,0,54,0.4758044984095716
2025-03-29 10:15:25.854726,thyroid-ann,5NN,local_set_cardinality_sampling,0,0,55,0.49295569019636476
2025-03-29 10:15:32.079684,thyroid-ann,5NN,local_set_cardinality_sampling,0,0,56,0.5051554631923907
2025-03-29 10:15:37.600581,thyroid-ann,5NN,local_set_cardinality_sampling,0,0,57,0.4531378122779205
2025-03-29 10:15:43.141591,thyroid-ann,5NN,local_set_cardinality_sampling,0,0,58,0.4111014990143661
2025-03-29 10:15:48.639423,thyroid-ann,5NN,local_set_cardinality_sampling,0,0,59,0.4576680706566102
2025-03-29 10:15:54.158091,thyroid-ann,5NN,local_set_cardinality_sampling,0,0,60,0.4642208799551111
2025-03-29 10:15:59.696353,thyroid-ann,5NN,local_set_cardinality_sampling,0,0,61,0.4758044984095716
2025-03-29 10:16:05.209028,thyroid-ann,5NN,local_set_cardinality_sampling,0,0,62,0.4643888274792536
2025-03-29 10:16:10.687997,thyroid-ann,5NN,local_set_cardinality_sampling,0,0,63,0.4756436347191265
2025-03-29 10:16:16.214535,thyroid-ann,5NN,local_set_cardinality_sampling,0,0,64,0.4756436347191265
2025-03-29 10:16:21.631634,thyroid-ann,5NN,local_set_cardinality_sampling,0,0,65,0.4758044984095716
2025-03-29 10:16:27.206341,thyroid-ann,5NN,local_set_cardinality_sampling,0,0,66,0.4643888274792536
2025-03-29 10:16:32.722209,thyroid-ann,5NN,local_set_cardinality_sampling,0,0,67,0.4710856837856321
2025-03-29 10:16:38.220916,thyroid-ann,5NN,local_set_cardinality_sampling,0,0,68,0.4710856837856321
2025-03-29 10:16:44.257537,thyroid-ann,5NN,local_set_cardinality_sampling,0,0,69,0.4710856837856321
2025-03-29 10:16:50.207696,thyroid-ann,5NN,local_set_cardinality_sampling,0,0,70,0.4710856837856321
2025-03-29 10:16:55.671883,thyroid-ann,5NN,local_set_cardinality_sampling,0,0,71,0.4710856837856321
2025-03-29 10:17:01.214634,thyroid-ann,5NN,local_set_cardinality_sampling,0,0,72,0.47776428113506764
2025-03-29 10:17:06.705856,thyroid-ann,5NN,local_set_cardinality_sampling,0,0,73,0.4524829062780579
2025-03-29 10:17:12.242752,thyroid-ann,5NN,local_set_cardinality_sampling,0,0,74,0.4524829062780579
2025-03-29 10:17:17.775900,thyroid-ann,5NN,local_set_cardinality_sampling,0,0,75,0.4524829062780579
2025-03-29 10:17:23.306017,thyroid-ann,5NN,local_set_cardinality_sampling,0,0,76,0.4524829062780579
2025-03-29 10:17:28.807156,thyroid-ann,5NN,local_set_cardinality_sampling,0,0,77,0.43279696699687265
2025-03-29 10:17:34.333785,thyroid-ann,5NN,local_set_cardinality_sampling,0,0,78,0.43279696699687265
2025-03-29 10:17:39.806652,thyroid-ann,5NN,local_set_cardinality_sampling,0,0,79,0.43279696699687265
2025-03-29 10:17:45.287669,thyroid-ann,5NN,local_set_cardinality_sampling,0,0,80,0.4072873112040276
2025-03-29 10:17:50.692707,thyroid-ann,5NN,local_set_cardinality_sampling,0,0,81,0.4072873112040276
2025-03-29 10:17:56.171224,thyroid-ann,5NN,local_set_cardinality_sampling,0,0,82,0.4135669284543022
2025-03-29 10:18:01.574306,thyroid-ann,5NN,local_set_cardinality_sampling,0,0,83,0.419991270187691
2025-03-29 10:18:06.997230,thyroid-ann,5NN,local_set_cardinality_sampling,0,0,84,0.4066124074332821
2025-03-29 10:18:12.478213,thyroid-ann,5NN,local_set_cardinality_sampling,0,0,85,0.4259874818770112
2025-03-29 10:18:17.916560,thyroid-ann,5NN,local_set_cardinality_sampling,0,0,86,0.4259874818770112
2025-03-29 10:18:23.289135,thyroid-ann,5NN,local_set_cardinality_sampling,0,0,87,0.4259874818770112
2025-03-29 10:18:28.739777,thyroid-ann,5NN,local_set_cardinality_sampling,0,0,88,0.4259874818770112
2025-03-29 10:18:35.290774,thyroid-ann,5NN,local_set_cardinality_sampling,0,0,89,0.4259874818770112
2025-03-29 10:18:41.129245,thyroid-ann,5NN,local_set_cardinality_sampling,0,0,90,0.4259874818770112
2025-03-29 10:18:46.514324,thyroid-ann,5NN,local_set_cardinality_sampling,0,0,91,0.43952489527546534
2025-03-29 10:18:52.001769,thyroid-ann,5NN,local_set_cardinality_sampling,0,0,92,0.41920998962395795
2025-03-29 10:18:57.459861,thyroid-ann,5NN,local_set_cardinality_sampling,0,0,93,0.41920998962395795
2025-03-29 10:19:02.946413,thyroid-ann,5NN,local_set_cardinality_sampling,0,0,94,0.41920998962395795
2025-03-29 10:19:08.353420,thyroid-ann,5NN,local_set_cardinality_sampling,0,0,95,0.41920998962395795
2025-03-29 10:19:13.767193,thyroid-ann,5NN,local_set_cardinality_sampling,0,0,96,0.41920998962395795
2025-03-29 10:19:19.519450,thyroid-ann,5NN,local_set_cardinality_sampling,0,0,97,0.41920998962395795
2025-03-29 10:19:25.722129,thyroid-ann,5NN,local_set_cardinality_sampling,0,0,98,0.41920998962395795
2025-03-29 10:19:31.791764,thyroid-ann,5NN,local_set_cardinality_sampling,0,0,99,0.41920998962395795
2025-03-29 10:19:37.268233,thyroid-ann,5NN,local_set_cardinality_sampling,0,0,100,0.41920998962395795
2025-03-29 10:19:37.272116,thyroid-ann,5NN,local_set_cardinality_sampling,0,1,0,0.0
2025-03-29 10:19:43.005725,thyroid-ann,5NN,local_set_cardinality_sampling,0,1,1,0.0034134210800028653
2025-03-29 10:19:48.776638,thyroid-ann,5NN,local_set_cardinality_sampling,0,1,2,0.006340375884258398
2025-03-29 10:19:54.501963,thyroid-ann,5NN,local_set_cardinality_sampling,0,1,3,0.24748823234123674
2025-03-29 10:20:01.971474,thyroid-ann,5NN,local_set_cardinality_sampling,0,1,4,0.16403277434421115
2025-03-29 10:20:09.744071,thyroid-ann,5NN,local_set_cardinality_sampling,0,1,5,0.3821015968481758
2025-03-29 10:20:16.986543,thyroid-ann,5NN,local_set_cardinality_sampling,0,1,6,0.41395132216721564
2025-03-29 10:20:24.720611,thyroid-ann,5NN,local_set_cardinality_sampling,0,1,7,0.4124726279023473
2025-03-29 10:20:30.810638,thyroid-ann,5NN,local_set_cardinality_sampling,0,1,8,0.4124726279023473
2025-03-29 10:20:36.976751,thyroid-ann,5NN,local_set_cardinality_sampling,0,1,9,0.45302123402273464
2025-03-29 10:20:43.449857,thyroid-ann,5NN,local_set_cardinality_sampling,0,1,10,0.45302123402273464
2025-03-29 10:20:49.698804,thyroid-ann,5NN,local_set_cardinality_sampling,0,1,11,0.45302123402273464
2025-03-29 10:20:55.449945,thyroid-ann,5NN,local_set_cardinality_sampling,0,1,12,0.4261360551604323
2025-03-29 10:21:01.133556,thyroid-ann,5NN,local_set_cardinality_sampling,0,1,13,0.41940733587281154
2025-03-29 10:21:06.829102,thyroid-ann,5NN,local_set_cardinality_sampling,0,1,14,0.46152534226398134
2025-03-29 10:21:12.516451,thyroid-ann,5NN,local_set_cardinality_sampling,0,1,15,0.4695001388956975
2025-03-29 10:21:18.166339,thyroid-ann,5NN,local_set_cardinality_sampling,0,1,16,0.4393366102054528
2025-03-29 10:21:23.727626,thyroid-ann,5NN,local_set_cardinality_sampling,0,1,17,0.38777874312192295
2025-03-29 10:21:29.429367,thyroid-ann,5NN,local_set_cardinality_sampling,0,1,18,0.3746619337390129
2025-03-29 10:21:35.040623,thyroid-ann,5NN,local_set_cardinality_sampling,0,1,19,0.3662119622245541
2025-03-29 10:21:41.038676,thyroid-ann,5NN,local_set_cardinality_sampling,0,1,20,0.372169143665959
2025-03-29 10:21:46.926577,thyroid-ann,5NN,local_set_cardinality_sampling,0,1,21,0.40709505599562956
2025-03-29 10:21:52.605593,thyroid-ann,5NN,local_set_cardinality_sampling,0,1,22,0.3857337413113072
2025-03-29 10:21:58.174932,thyroid-ann,5NN,local_set_cardinality_sampling,0,1,23,0.3857337413113072
2025-03-29 10:22:03.773005,thyroid-ann,5NN,local_set_cardinality_sampling,0,1,24,0.3857337413113072
2025-03-29 10:22:09.296396,thyroid-ann,5NN,local_set_cardinality_sampling,0,1,25,0.372169143665959
2025-03-29 10:22:14.941689,thyroid-ann,5NN,local_set_cardinality_sampling,0,1,26,0.372169143665959
2025-03-29 10:22:20.486955,thyroid-ann,5NN,local_set_cardinality_sampling,0,1,27,0.372169143665959
2025-03-29 10:22:26.145241,thyroid-ann,5NN,local_set_cardinality_sampling,0,1,28,0.372169143665959
2025-03-29 10:22:31.736868,thyroid-ann,5NN,local_set_cardinality_sampling,0,1,29,0.372169143665959
2025-03-29 10:22:37.381592,thyroid-ann,5NN,local_set_cardinality_sampling,0,1,30,0.3780555505811142
2025-03-29 10:22:42.997967,thyroid-ann,5NN,local_set_cardinality_sampling,0,1,31,0.3348383899565003
2025-03-29 10:22:48.641703,thyroid-ann,5NN,local_set_cardinality_sampling,0,1,32,0.372169143665959
2025-03-29 10:22:54.181487,thyroid-ann,5NN,local_set_cardinality_sampling,0,1,33,0.3894610027395452
2025-03-29 10:22:59.803047,thyroid-ann,5NN,local_set_cardinality_sampling,0,1,34,0.3869000310998997
2025-03-29 10:23:05.356986,thyroid-ann,5NN,local_set_cardinality_sampling,0,1,35,0.39622672302645545
2025-03-29 10:23:11.693731,thyroid-ann,5NN,local_set_cardinality_sampling,0,1,36,0.39622672302645545
2025-03-29 10:23:18.187943,thyroid-ann,5NN,local_set_cardinality_sampling,0,1,37,0.3738553509105359
2025-03-29 10:23:24.780352,thyroid-ann,5NN,local_set_cardinality_sampling,0,1,38,0.38820987237490723
2025-03-29 10:23:31.337301,thyroid-ann,5NN,local_set_cardinality_sampling,0,1,39,0.39994471128926357
2025-03-29 10:23:38.094154,thyroid-ann,5NN,local_set_cardinality_sampling,0,1,40,0.39994471128926357
2025-03-29 10:23:43.726418,thyroid-ann,5NN,local_set_cardinality_sampling,0,1,41,0.39994471128926357
2025-03-29 10:23:49.415901,thyroid-ann,5NN,local_set_cardinality_sampling,0,1,42,0.39994471128926357
2025-03-29 10:23:55.092128,thyroid-ann,5NN,local_set_cardinality_sampling,0,1,43,0.44499803972817564
2025-03-29 10:24:00.878391,thyroid-ann,5NN,local_set_cardinality_sampling,0,1,44,0.44499803972817564
2025-03-29 10:24:06.525490,thyroid-ann,5NN,local_set_cardinality_sampling,0,1,45,0.45141687033489664
2025-03-29 10:24:12.221268,thyroid-ann,5NN,local_set_cardinality_sampling,0,1,46,0.4262627286083388
2025-03-29 10:24:18.434291,thyroid-ann,5NN,local_set_cardinality_sampling,0,1,47,0.4262627286083388
2025-03-29 10:24:24.108841,thyroid-ann,5NN,local_set_cardinality_sampling,0,1,48,0.4325053811199563
2025-03-29 10:24:29.726573,thyroid-ann,5NN,local_set_cardinality_sampling,0,1,49,0.4325053811199563
2025-03-29 10:24:35.451857,thyroid-ann,5NN,local_set_cardinality_sampling,0,1,50,0.4390787518573551
2025-03-29 10:24:41.194674,thyroid-ann,5NN,local_set_cardinality_sampling,0,1,51,0.4390787518573551
2025-03-29 10:24:46.822256,thyroid-ann,5NN,local_set_cardinality_sampling,0,1,52,0.4390787518573551
2025-03-29 10:24:52.480219,thyroid-ann,5NN,local_set_cardinality_sampling,0,1,53,0.4259874818770112
2025-03-29 10:24:58.169303,thyroid-ann,5NN,local_set_cardinality_sampling,0,1,54,0.4461715802710633
2025-03-29 10:25:03.811716,thyroid-ann,5NN,local_set_cardinality_sampling,0,1,55,0.43963062052299984
2025-03-29 10:25:09.452306,thyroid-ann,5NN,local_set_cardinality_sampling,0,1,56,0.43952489527546534
2025-03-29 10:25:14.977628,thyroid-ann,5NN,local_set_cardinality_sampling,0,1,57,0.48183734496789055
2025-03-29 10:25:20.849732,thyroid-ann,5NN,local_set_cardinality_sampling,0,1,58,0.48183734496789055
2025-03-29 10:25:26.419529,thyroid-ann,5NN,local_set_cardinality_sampling,0,1,59,0.48183734496789055
2025-03-29 10:25:32.106883,thyroid-ann,5NN,local_set_cardinality_sampling,0,1,60,0.48183734496789055
2025-03-29 10:25:37.698082,thyroid-ann,5NN,local_set_cardinality_sampling,0,1,61,0.4886598278738622
2025-03-29 10:25:43.272309,thyroid-ann,5NN,local_set_cardinality_sampling,0,1,62,0.4842631965435388
2025-03-29 10:25:48.797427,thyroid-ann,5NN,local_set_cardinality_sampling,0,1,63,0.4842631965435388
2025-03-29 10:25:54.359524,thyroid-ann,5NN,local_set_cardinality_sampling,0,1,64,0.49125747261481045
2025-03-29 10:25:59.858193,thyroid-ann,5NN,local_set_cardinality_sampling,0,1,65,0.4656758669497524
2025-03-29 10:26:05.523846,thyroid-ann,5NN,local_set_cardinality_sampling,0,1,66,0.4381110246608708
2025-03-29 10:26:11.000958,thyroid-ann,5NN,local_set_cardinality_sampling,0,1,67,0.4503821845736409
2025-03-29 10:26:16.508780,thyroid-ann,5NN,local_set_cardinality_sampling,0,1,68,0.44468201566829724
2025-03-29 10:26:22.478617,thyroid-ann,5NN,local_set_cardinality_sampling,0,1,69,0.45140306563786725
2025-03-29 10:26:28.282598,thyroid-ann,5NN,local_set_cardinality_sampling,0,1,70,0.45140306563786725
2025-03-29 10:26:33.671280,thyroid-ann,5NN,local_set_cardinality_sampling,0,1,71,0.45140306563786725
2025-03-29 10:26:39.133926,thyroid-ann,5NN,local_set_cardinality_sampling,0,1,72,0.45140306563786725
2025-03-29 10:26:44.495114,thyroid-ann,5NN,local_set_cardinality_sampling,0,1,73,0.4255096541010114
2025-03-29 10:26:50.274262,thyroid-ann,5NN,local_set_cardinality_sampling,0,1,74,0.443962554417204
2025-03-29 10:26:56.664709,thyroid-ann,5NN,local_set_cardinality_sampling,0,1,75,0.443962554417204
2025-03-29 10:27:02.827459,thyroid-ann,5NN,local_set_cardinality_sampling,0,1,76,0.443962554417204
2025-03-29 10:27:08.813767,thyroid-ann,5NN,local_set_cardinality_sampling,0,1,77,0.443962554417204
2025-03-29 10:27:14.336794,thyroid-ann,5NN,local_set_cardinality_sampling,0,1,78,0.443962554417204
2025-03-29 10:27:19.786795,thyroid-ann,5NN,local_set_cardinality_sampling,0,1,79,0.4253995565997154
2025-03-29 10:27:25.282513,thyroid-ann,5NN,local_set_cardinality_sampling,0,1,80,0.4253995565997154
2025-03-29 10:27:30.754150,thyroid-ann,5NN,local_set_cardinality_sampling,0,1,81,0.4253995565997154
2025-03-29 10:27:36.215044,thyroid-ann,5NN,local_set_cardinality_sampling,0,1,82,0.4143969451985322
2025-03-29 10:27:41.548787,thyroid-ann,5NN,local_set_cardinality_sampling,0,1,83,0.4143969451985322
2025-03-29 10:27:46.936205,thyroid-ann,5NN,local_set_cardinality_sampling,0,1,84,0.4256109065457533
2025-03-29 10:27:52.350344,thyroid-ann,5NN,local_set_cardinality_sampling,0,1,85,0.43153055012655805
2025-03-29 10:27:57.779678,thyroid-ann,5NN,local_set_cardinality_sampling,0,1,86,0.43153055012655805
2025-03-29 10:28:03.622888,thyroid-ann,5NN,local_set_cardinality_sampling,0,1,87,0.43768012693889446
2025-03-29 10:28:09.028781,thyroid-ann,5NN,local_set_cardinality_sampling,0,1,88,0.443962554417204
2025-03-29 10:28:14.349794,thyroid-ann,5NN,local_set_cardinality_sampling,0,1,89,0.4316851226121575
2025-03-29 10:28:19.990987,thyroid-ann,5NN,local_set_cardinality_sampling,0,1,90,0.41885327221100876
2025-03-29 10:28:25.935366,thyroid-ann,5NN,local_set_cardinality_sampling,0,1,91,0.41885327221100876
2025-03-29 10:28:32.050246,thyroid-ann,5NN,local_set_cardinality_sampling,0,1,92,0.41885327221100876
2025-03-29 10:28:38.430758,thyroid-ann,5NN,local_set_cardinality_sampling,0,1,93,0.41885327221100876
2025-03-29 10:28:44.111212,thyroid-ann,5NN,local_set_cardinality_sampling,0,1,94,0.41885327221100876
2025-03-29 10:28:49.463185,thyroid-ann,5NN,local_set_cardinality_sampling,0,1,95,0.43858220317977403
2025-03-29 10:28:54.837103,thyroid-ann,5NN,local_set_cardinality_sampling,0,1,96,0.43858220317977403
2025-03-29 10:29:00.113267,thyroid-ann,5NN,local_set_cardinality_sampling,0,1,97,0.4381110246608708
2025-03-29 10:29:05.456542,thyroid-ann,5NN,local_set_cardinality_sampling,0,1,98,0.43176764393965306
2025-03-29 10:29:11.304235,thyroid-ann,5NN,local_set_cardinality_sampling,0,1,99,0.43176764393965306
2025-03-29 10:29:16.828566,thyroid-ann,5NN,local_set_cardinality_sampling,0,1,100,0.41221757032628625
2025-03-29 10:29:16.832488,thyroid-ann,5NN,local_set_cardinality_sampling,0,2,0,0.0
2025-03-29 10:29:22.554363,thyroid-ann,5NN,local_set_cardinality_sampling,0,2,1,0.0
2025-03-29 10:29:28.176327,thyroid-ann,5NN,local_set_cardinality_sampling,0,2,2,0.0
2025-03-29 10:29:33.885386,thyroid-ann,5NN,local_set_cardinality_sampling,0,2,3,0.0
2025-03-29 10:29:39.582053,thyroid-ann,5NN,local_set_cardinality_sampling,0,2,4,0.0
2025-03-29 10:29:45.300782,thyroid-ann,5NN,local_set_cardinality_sampling,0,2,5,0.0
2025-03-29 10:29:51.258777,thyroid-ann,5NN,local_set_cardinality_sampling,0,2,6,0.0
2025-03-29 10:29:56.949208,thyroid-ann,5NN,local_set_cardinality_sampling,0,2,7,0.0
2025-03-29 10:30:02.649021,thyroid-ann,5NN,local_set_cardinality_sampling,0,2,8,0.0
2025-03-29 10:30:09.537221,thyroid-ann,5NN,local_set_cardinality_sampling,0,2,9,-0.004317471982362875
2025-03-29 10:30:16.082000,thyroid-ann,5NN,local_set_cardinality_sampling,0,2,10,0.0
2025-03-29 10:30:22.727974,thyroid-ann,5NN,local_set_cardinality_sampling,0,2,11,0.0
2025-03-29 10:30:29.007030,thyroid-ann,5NN,local_set_cardinality_sampling,0,2,12,0.0
2025-03-29 10:30:35.407779,thyroid-ann,5NN,local_set_cardinality_sampling,0,2,13,0.0
2025-03-29 10:30:41.602498,thyroid-ann,5NN,local_set_cardinality_sampling,0,2,14,0.0
2025-03-29 10:30:47.594039,thyroid-ann,5NN,local_set_cardinality_sampling,0,2,15,0.0
2025-03-29 10:30:53.617565,thyroid-ann,5NN,local_set_cardinality_sampling,0,2,16,0.0
2025-03-29 10:30:59.269386,thyroid-ann,5NN,local_set_cardinality_sampling,0,2,17,0.0
2025-03-29 10:31:04.855009,thyroid-ann,5NN,local_set_cardinality_sampling,0,2,18,0.0
2025-03-29 10:31:10.588618,thyroid-ann,5NN,local_set_cardinality_sampling,0,2,19,0.0
2025-03-29 10:31:16.209873,thyroid-ann,5NN,local_set_cardinality_sampling,0,2,20,0.0
2025-03-29 10:31:21.851375,thyroid-ann,5NN,local_set_cardinality_sampling,0,2,21,0.08015543105006329
2025-03-29 10:31:27.514185,thyroid-ann,5NN,local_set_cardinality_sampling,0,2,22,0.24636912532637079
2025-03-29 10:31:33.185706,thyroid-ann,5NN,local_set_cardinality_sampling,0,2,23,0.3207739307535641
2025-03-29 10:31:38.763826,thyroid-ann,5NN,local_set_cardinality_sampling,0,2,24,0.4257217466995503
2025-03-29 10:31:44.360573,thyroid-ann,5NN,local_set_cardinality_sampling,0,2,25,0.41285572702817497
2025-03-29 10:31:49.911030,thyroid-ann,5NN,local_set_cardinality_sampling,0,2,26,0.4192103754657496
2025-03-29 10:31:55.520855,thyroid-ann,5NN,local_set_cardinality_sampling,0,2,27,0.4257217466995503
2025-03-29 10:32:01.945420,thyroid-ann,5NN,local_set_cardinality_sampling,0,2,28,0.4257217466995503
2025-03-29 10:32:09.485001,thyroid-ann,5NN,local_set_cardinality_sampling,0,2,29,0.41855170387779084
2025-03-29 10:32:16.974000,thyroid-ann,5NN,local_set_cardinality_sampling,0,2,30,0.4141612053239645
2025-03-29 10:32:24.601382,thyroid-ann,5NN,local_set_cardinality_sampling,0,2,31,0.40665221040850585
2025-03-29 10:32:31.067462,thyroid-ann,5NN,local_set_cardinality_sampling,0,2,32,0.41285572702817497
2025-03-29 10:32:37.246722,thyroid-ann,5NN,local_set_cardinality_sampling,0,2,33,0.4192103754657496
2025-03-29 10:32:42.992270,thyroid-ann,5NN,local_set_cardinality_sampling,0,2,34,0.4192103754657496
2025-03-29 10:32:52.068800,thyroid-ann,5NN,local_set_cardinality_sampling,0,2,35,0.4192103754657496
2025-03-29 10:32:59.386038,thyroid-ann,5NN,local_set_cardinality_sampling,0,2,36,0.41204845495430154
2025-03-29 10:33:07.754395,thyroid-ann,5NN,local_set_cardinality_sampling,0,2,37,0.44620872971460546
2025-03-29 10:33:14.195379,thyroid-ann,5NN,local_set_cardinality_sampling,0,2,38,0.4155416316775402
2025-03-29 10:33:19.828580,thyroid-ann,5NN,local_set_cardinality_sampling,0,2,39,0.39881808517290973
2025-03-29 10:33:25.390015,thyroid-ann,5NN,local_set_cardinality_sampling,0,2,40,0.4042728019720624
2025-03-29 10:33:30.993248,thyroid-ann,5NN,local_set_cardinality_sampling,0,2,41,0.43359375
2025-03-29 10:33:36.482315,thyroid-ann,5NN,local_set_cardinality_sampling,0,2,42,0.4527167150559933
2025-03-29 10:33:42.115102,thyroid-ann,5NN,local_set_cardinality_sampling,0,2,43,0.4192103754657496
2025-03-29 10:33:47.736393,thyroid-ann,5NN,local_set_cardinality_sampling,0,2,44,0.4257217466995503
2025-03-29 10:33:53.452120,thyroid-ann,5NN,local_set_cardinality_sampling,0,2,45,0.40470769682726204
2025-03-29 10:33:59.004456,thyroid-ann,5NN,local_set_cardinality_sampling,0,2,46,0.47239521377090465
2025-03-29 10:34:04.630992,thyroid-ann,5NN,local_set_cardinality_sampling,0,2,47,0.45288829109443585
2025-03-29 10:34:10.155583,thyroid-ann,5NN,local_set_cardinality_sampling,0,2,48,0.45288829109443585
2025-03-29 10:34:16.467213,thyroid-ann,5NN,local_set_cardinality_sampling,0,2,49,0.45288829109443585
2025-03-29 10:34:22.442935,thyroid-ann,5NN,local_set_cardinality_sampling,0,2,50,0.43958113107822405
2025-03-29 10:34:28.913461,thyroid-ann,5NN,local_set_cardinality_sampling,0,2,51,0.44581567072336936
2025-03-29 10:34:34.472500,thyroid-ann,5NN,local_set_cardinality_sampling,0,2,52,0.4590158196836064
2025-03-29 10:34:40.008388,thyroid-ann,5NN,local_set_cardinality_sampling,0,2,53,0.4590158196836064
2025-03-29 10:34:45.819823,thyroid-ann,5NN,local_set_cardinality_sampling,0,2,54,0.46585434967412864
2025-03-29 10:34:51.427505,thyroid-ann,5NN,local_set_cardinality_sampling,0,2,55,0.4253048780487805
2025-03-29 10:34:56.990589,thyroid-ann,5NN,local_set_cardinality_sampling,0,2,56,0.4450441609421001
2025-03-29 10:35:02.509493,thyroid-ann,5NN,local_set_cardinality_sampling,0,2,57,0.43887423043095863
2025-03-29 10:35:07.954911,thyroid-ann,5NN,local_set_cardinality_sampling,0,2,58,0.4452467319143112
2025-03-29 10:35:13.473374,thyroid-ann,5NN,local_set_cardinality_sampling,0,2,59,0.45863687307369005
2025-03-29 10:35:19.037812,thyroid-ann,5NN,local_set_cardinality_sampling,0,2,60,0.4456280037300051
2025-03-29 10:35:24.523879,thyroid-ann,5NN,local_set_cardinality_sampling,0,2,61,0.4456280037300051
2025-03-29 10:35:30.005171,thyroid-ann,5NN,local_set_cardinality_sampling,0,2,62,0.4456280037300051
2025-03-29 10:35:35.527785,thyroid-ann,5NN,local_set_cardinality_sampling,0,2,63,0.4456280037300051
2025-03-29 10:35:41.011493,thyroid-ann,5NN,local_set_cardinality_sampling,0,2,64,0.4253048780487805
2025-03-29 10:35:46.535197,thyroid-ann,5NN,local_set_cardinality_sampling,0,2,65,0.4253048780487805
2025-03-29 10:35:51.983016,thyroid-ann,5NN,local_set_cardinality_sampling,0,2,66,0.4253048780487805
2025-03-29 10:35:57.534546,thyroid-ann,5NN,local_set_cardinality_sampling,0,2,67,0.4253048780487805
2025-03-29 10:36:03.006892,thyroid-ann,5NN,local_set_cardinality_sampling,0,2,68,0.4253048780487805
2025-03-29 10:36:08.535343,thyroid-ann,5NN,local_set_cardinality_sampling,0,2,69,0.4253048780487805
2025-03-29 10:36:14.544614,thyroid-ann,5NN,local_set_cardinality_sampling,0,2,70,0.4253048780487805
2025-03-29 10:36:21.046569,thyroid-ann,5NN,local_set_cardinality_sampling,0,2,71,0.40427017492282813
2025-03-29 10:36:26.511841,thyroid-ann,5NN,local_set_cardinality_sampling,0,2,72,0.3913246268656717
2025-03-29 10:36:32.026960,thyroid-ann,5NN,local_set_cardinality_sampling,0,2,73,0.40427017492282813
2025-03-29 10:36:37.441036,thyroid-ann,5NN,local_set_cardinality_sampling,0,2,74,0.39771984605330046
2025-03-29 10:36:42.953225,thyroid-ann,5NN,local_set_cardinality_sampling,0,2,75,0.39771984605330046
2025-03-29 10:36:49.822652,thyroid-ann,5NN,local_set_cardinality_sampling,0,2,76,0.40427017492282813
2025-03-29 10:36:55.480119,thyroid-ann,5NN,local_set_cardinality_sampling,0,2,77,0.40427017492282813
2025-03-29 10:37:00.944411,thyroid-ann,5NN,local_set_cardinality_sampling,0,2,78,0.40427017492282813
2025-03-29 10:37:06.435668,thyroid-ann,5NN,local_set_cardinality_sampling,0,2,79,0.3917610784454325
2025-03-29 10:37:11.863074,thyroid-ann,5NN,local_set_cardinality_sampling,0,2,80,0.3917610784454325
2025-03-29 10:37:17.345292,thyroid-ann,5NN,local_set_cardinality_sampling,0,2,81,0.3917610784454325
2025-03-29 10:37:22.761244,thyroid-ann,5NN,local_set_cardinality_sampling,0,2,82,0.3780216627214691
2025-03-29 10:37:28.239456,thyroid-ann,5NN,local_set_cardinality_sampling,0,2,83,0.36427238805970164
2025-03-29 10:37:34.570383,thyroid-ann,5NN,local_set_cardinality_sampling,0,2,84,0.36427238805970164
2025-03-29 10:37:40.900528,thyroid-ann,5NN,local_set_cardinality_sampling,0,2,85,0.36427238805970164
2025-03-29 10:37:47.532128,thyroid-ann,5NN,local_set_cardinality_sampling,0,2,86,0.36427238805970164
2025-03-29 10:37:54.523714,thyroid-ann,5NN,local_set_cardinality_sampling,0,2,87,0.3991407386875476
2025-03-29 10:38:00.915868,thyroid-ann,5NN,local_set_cardinality_sampling,0,2,88,0.3991407386875476
2025-03-29 10:38:07.850462,thyroid-ann,5NN,local_set_cardinality_sampling,0,2,89,0.3850790724062123
2025-03-29 10:38:13.888140,thyroid-ann,5NN,local_set_cardinality_sampling,0,2,90,0.3991407386875476
2025-03-29 10:38:20.342264,thyroid-ann,5NN,local_set_cardinality_sampling,0,2,91,0.3991407386875476
2025-03-29 10:38:25.814254,thyroid-ann,5NN,local_set_cardinality_sampling,0,2,92,0.3850790724062123
2025-03-29 10:38:31.322917,thyroid-ann,5NN,local_set_cardinality_sampling,0,2,93,0.3789779896256834
2025-03-29 10:38:37.754968,thyroid-ann,5NN,local_set_cardinality_sampling,0,2,94,0.3789779896256834
2025-03-29 10:38:43.665646,thyroid-ann,5NN,local_set_cardinality_sampling,0,2,95,0.3789779896256834
2025-03-29 10:38:49.052916,thyroid-ann,5NN,local_set_cardinality_sampling,0,2,96,0.3789779896256834
2025-03-29 10:38:55.528049,thyroid-ann,5NN,local_set_cardinality_sampling,0,2,97,0.3789779896256834
2025-03-29 10:39:01.677906,thyroid-ann,5NN,local_set_cardinality_sampling,0,2,98,0.3789779896256834
2025-03-29 10:39:07.138797,thyroid-ann,5NN,local_set_cardinality_sampling,0,2,99,0.3789779896256834
2025-03-29 10:39:12.514449,thyroid-ann,5NN,local_set_cardinality_sampling,0,2,100,0.3789779896256834
2025-03-29 10:39:12.518598,thyroid-ann,5NN,local_set_cardinality_sampling,0,3,0,0.0
2025-03-29 10:39:18.287715,thyroid-ann,5NN,local_set_cardinality_sampling,0,3,1,0.005737287743487585
2025-03-29 10:39:23.954586,thyroid-ann,5NN,local_set_cardinality_sampling,0,3,2,0.009079337807324173
2025-03-29 10:39:29.731386,thyroid-ann,5NN,local_set_cardinality_sampling,0,3,3,0.04526342907417047
2025-03-29 10:39:35.527982,thyroid-ann,5NN,local_set_cardinality_sampling,0,3,4,0.28035995636892497
2025-03-29 10:39:41.312901,thyroid-ann,5NN,local_set_cardinality_sampling,0,3,5,0.23054397018368977
2025-03-29 10:39:47.243819,thyroid-ann,5NN,local_set_cardinality_sampling,0,3,6,0.2361216642490387
2025-03-29 10:39:53.020663,thyroid-ann,5NN,local_set_cardinality_sampling,0,3,7,0.12542837559972586
2025-03-29 10:39:58.729781,thyroid-ann,5NN,local_set_cardinality_sampling,0,3,8,0.1407407407407406
2025-03-29 10:40:04.495390,thyroid-ann,5NN,local_set_cardinality_sampling,0,3,9,0.19340765874939403
2025-03-29 10:40:10.153630,thyroid-ann,5NN,local_set_cardinality_sampling,0,3,10,0.21080465679973548
2025-03-29 10:40:15.930737,thyroid-ann,5NN,local_set_cardinality_sampling,0,3,11,0.25190365190365194
2025-03-29 10:40:21.611981,thyroid-ann,5NN,local_set_cardinality_sampling,0,3,12,0.24578191284226758
2025-03-29 10:40:27.269339,thyroid-ann,5NN,local_set_cardinality_sampling,0,3,13,0.24578191284226758
2025-03-29 10:40:32.982851,thyroid-ann,5NN,local_set_cardinality_sampling,0,3,14,0.2583140192960707
2025-03-29 10:40:38.659495,thyroid-ann,5NN,local_set_cardinality_sampling,0,3,15,0.25827502597852436
2025-03-29 10:40:44.285397,thyroid-ann,5NN,local_set_cardinality_sampling,0,3,16,0.28313845845912633
2025-03-29 10:40:49.945367,thyroid-ann,5NN,local_set_cardinality_sampling,0,3,17,0.30336956521739133
2025-03-29 10:40:55.547117,thyroid-ann,5NN,local_set_cardinality_sampling,0,3,18,0.2781119851920407
2025-03-29 10:41:01.283811,thyroid-ann,5NN,local_set_cardinality_sampling,0,3,19,0.3067647370840554
2025-03-29 10:41:06.924670,thyroid-ann,5NN,local_set_cardinality_sampling,0,3,20,0.34269327827483365
2025-03-29 10:41:12.579878,thyroid-ann,5NN,local_set_cardinality_sampling,0,3,21,0.38811382001519446
2025-03-29 10:41:18.225673,thyroid-ann,5NN,local_set_cardinality_sampling,0,3,22,0.39279514665616777
2025-03-29 10:41:23.910076,thyroid-ann,5NN,local_set_cardinality_sampling,0,3,23,0.37669129803961265
2025-03-29 10:41:29.504783,thyroid-ann,5NN,local_set_cardinality_sampling,0,3,24,0.3490572553353132
2025-03-29 10:41:35.140799,thyroid-ann,5NN,local_set_cardinality_sampling,0,3,25,0.3801938735944165
2025-03-29 10:41:40.695901,thyroid-ann,5NN,local_set_cardinality_sampling,0,3,26,0.3410934004474273
2025-03-29 10:41:46.343234,thyroid-ann,5NN,local_set_cardinality_sampling,0,3,27,0.348821141722083
2025-03-29 10:41:52.138819,thyroid-ann,5NN,local_set_cardinality_sampling,0,3,28,0.348821141722083
2025-03-29 10:41:58.784177,thyroid-ann,5NN,local_set_cardinality_sampling,0,3,29,0.348821141722083
2025-03-29 10:42:04.970803,thyroid-ann,5NN,local_set_cardinality_sampling,0,3,30,0.359852839733272
2025-03-29 10:42:11.232200,thyroid-ann,5NN,local_set_cardinality_sampling,0,3,31,0.34349711476081535
2025-03-29 10:42:16.850746,thyroid-ann,5NN,local_set_cardinality_sampling,0,3,32,0.348821141722083
2025-03-29 10:42:22.534136,thyroid-ann,5NN,local_set_cardinality_sampling,0,3,33,0.35427153243847875
2025-03-29 10:42:28.090709,thyroid-ann,5NN,local_set_cardinality_sampling,0,3,34,0.359852839733272
2025-03-29 10:42:33.771471,thyroid-ann,5NN,local_set_cardinality_sampling,0,3,35,0.359852839733272
2025-03-29 10:42:39.335292,thyroid-ann,5NN,local_set_cardinality_sampling,0,3,36,0.40339431911767076
2025-03-29 10:42:45.485213,thyroid-ann,5NN,local_set_cardinality_sampling,0,3,37,0.38468067048589005
2025-03-29 10:42:51.176796,thyroid-ann,5NN,local_set_cardinality_sampling,0,3,38,0.37778511305495954
2025-03-29 10:42:56.776499,thyroid-ann,5NN,local_set_cardinality_sampling,0,3,39,0.38283965408842335
2025-03-29 10:43:02.343828,thyroid-ann,5NN,local_set_cardinality_sampling,0,3,40,0.3920008601225675
2025-03-29 10:43:08.117874,thyroid-ann,5NN,local_set_cardinality_sampling,0,3,41,0.40665985586879083
2025-03-29 10:43:13.649753,thyroid-ann,5NN,local_set_cardinality_sampling,0,3,42,0.45704445835942387
2025-03-29 10:43:19.320171,thyroid-ann,5NN,local_set_cardinality_sampling,0,3,43,0.36817659452212226
2025-03-29 10:43:24.943203,thyroid-ann,5NN,local_set_cardinality_sampling,0,3,44,0.42165242165242156
2025-03-29 10:43:30.673720,thyroid-ann,5NN,local_set_cardinality_sampling,0,3,45,0.41619506151983565
2025-03-29 10:43:36.255804,thyroid-ann,5NN,local_set_cardinality_sampling,0,3,46,0.41619506151983565
2025-03-29 10:43:41.844793,thyroid-ann,5NN,local_set_cardinality_sampling,0,3,47,0.41619506151983565
2025-03-29 10:43:47.431034,thyroid-ann,5NN,local_set_cardinality_sampling,0,3,48,0.41581416703731866
2025-03-29 10:43:53.055238,thyroid-ann,5NN,local_set_cardinality_sampling,0,3,49,0.42068208545668373
2025-03-29 10:43:58.609655,thyroid-ann,5NN,local_set_cardinality_sampling,0,3,50,0.4019747491097443
2025-03-29 10:44:04.201069,thyroid-ann,5NN,local_set_cardinality_sampling,0,3,51,0.38789385559896494
2025-03-29 10:44:09.737124,thyroid-ann,5NN,local_set_cardinality_sampling,0,3,52,0.3762718594378175
2025-03-29 10:44:15.399196,thyroid-ann,5NN,local_set_cardinality_sampling,0,3,53,0.3749196359083681
2025-03-29 10:44:20.958521,thyroid-ann,5NN,local_set_cardinality_sampling,0,3,54,0.4135813471166778
2025-03-29 10:44:26.617551,thyroid-ann,5NN,local_set_cardinality_sampling,0,3,55,0.4135813471166778
2025-03-29 10:44:33.081391,thyroid-ann,5NN,local_set_cardinality_sampling,0,3,56,0.39491311682143504
2025-03-29 10:44:39.069874,thyroid-ann,5NN,local_set_cardinality_sampling,0,3,57,0.3874587458745874
2025-03-29 10:44:44.522478,thyroid-ann,5NN,local_set_cardinality_sampling,0,3,58,0.4132878594725252
2025-03-29 10:44:50.059275,thyroid-ann,5NN,local_set_cardinality_sampling,0,3,59,0.41941085880926643
2025-03-29 10:44:55.585716,thyroid-ann,5NN,local_set_cardinality_sampling,0,3,60,0.39377899867673893
2025-03-29 10:45:01.115703,thyroid-ann,5NN,local_set_cardinality_sampling,0,3,61,0.3742526633131785
2025-03-29 10:45:06.638441,thyroid-ann,5NN,local_set_cardinality_sampling,0,3,62,0.38011475550226936
2025-03-29 10:45:12.155156,thyroid-ann,5NN,local_set_cardinality_sampling,0,3,63,0.3932472691161867
2025-03-29 10:45:17.639180,thyroid-ann,5NN,local_set_cardinality_sampling,0,3,64,0.3932472691161867
2025-03-29 10:45:23.179664,thyroid-ann,5NN,local_set_cardinality_sampling,0,3,65,0.3932472691161867
2025-03-29 10:45:28.634063,thyroid-ann,5NN,local_set_cardinality_sampling,0,3,66,0.3932472691161867
2025-03-29 10:45:34.217237,thyroid-ann,5NN,local_set_cardinality_sampling,0,3,67,0.412981298129813
2025-03-29 10:45:39.681041,thyroid-ann,5NN,local_set_cardinality_sampling,0,3,68,0.412981298129813
2025-03-29 10:45:45.238049,thyroid-ann,5NN,local_set_cardinality_sampling,0,3,69,0.412981298129813
2025-03-29 10:45:51.614738,thyroid-ann,5NN,local_set_cardinality_sampling,0,3,70,0.4257127525143243
2025-03-29 10:45:57.582286,thyroid-ann,5NN,local_set_cardinality_sampling,0,3,71,0.4257127525143243
2025-03-29 10:46:03.076239,thyroid-ann,5NN,local_set_cardinality_sampling,0,3,72,0.4194839857651246
2025-03-29 10:46:08.596899,thyroid-ann,5NN,local_set_cardinality_sampling,0,3,73,0.3982264262488915
2025-03-29 10:46:14.014909,thyroid-ann,5NN,local_set_cardinality_sampling,0,3,74,0.41457844898456286
2025-03-29 10:46:19.554562,thyroid-ann,5NN,local_set_cardinality_sampling,0,3,75,0.4260369737455336
2025-03-29 10:46:25.012201,thyroid-ann,5NN,local_set_cardinality_sampling,0,3,76,0.4260369737455336
2025-03-29 10:46:30.575725,thyroid-ann,5NN,local_set_cardinality_sampling,0,3,77,0.4199628181293673
2025-03-29 10:46:36.049201,thyroid-ann,5NN,local_set_cardinality_sampling,0,3,78,0.4199628181293673
2025-03-29 10:46:41.550176,thyroid-ann,5NN,local_set_cardinality_sampling,0,3,79,0.41965062579479284
2025-03-29 10:46:47.017370,thyroid-ann,5NN,local_set_cardinality_sampling,0,3,80,0.4194839857651246
2025-03-29 10:46:52.513876,thyroid-ann,5NN,local_set_cardinality_sampling,0,3,81,0.43226691653838434
2025-03-29 10:46:57.894780,thyroid-ann,5NN,local_set_cardinality_sampling,0,3,82,0.4261701106827921
2025-03-29 10:47:03.376946,thyroid-ann,5NN,local_set_cardinality_sampling,0,3,83,0.4324663377101279
2025-03-29 10:47:08.776044,thyroid-ann,5NN,local_set_cardinality_sampling,0,3,84,0.420157969783873
2025-03-29 10:47:14.902486,thyroid-ann,5NN,local_set_cardinality_sampling,0,3,85,0.45579213280404185
2025-03-29 10:47:20.728104,thyroid-ann,5NN,local_set_cardinality_sampling,0,3,86,0.45579213280404185
2025-03-29 10:47:26.913033,thyroid-ann,5NN,local_set_cardinality_sampling,0,3,87,0.44431805437621164
2025-03-29 10:47:32.936131,thyroid-ann,5NN,local_set_cardinality_sampling,0,3,88,0.4261888955455885
2025-03-29 10:47:38.917069,thyroid-ann,5NN,local_set_cardinality_sampling,0,3,89,0.4261888955455885
2025-03-29 10:47:44.902632,thyroid-ann,5NN,local_set_cardinality_sampling,0,3,90,0.4261888955455885
2025-03-29 10:47:51.019849,thyroid-ann,5NN,local_set_cardinality_sampling,0,3,91,0.43234971604392736
2025-03-29 10:47:57.146135,thyroid-ann,5NN,local_set_cardinality_sampling,0,3,92,0.41985447854813074
2025-03-29 10:48:02.602064,thyroid-ann,5NN,local_set_cardinality_sampling,0,3,93,0.420157969783873
2025-03-29 10:48:08.395447,thyroid-ann,5NN,local_set_cardinality_sampling,0,3,94,0.420157969783873
2025-03-29 10:48:13.856210,thyroid-ann,5NN,local_set_cardinality_sampling,0,3,95,0.43234971604392736
2025-03-29 10:48:19.268518,thyroid-ann,5NN,local_set_cardinality_sampling,0,3,96,0.41965062579479284
2025-03-29 10:48:24.690203,thyroid-ann,5NN,local_set_cardinality_sampling,0,3,97,0.41965062579479284
2025-03-29 10:48:30.038084,thyroid-ann,5NN,local_set_cardinality_sampling,0,3,98,0.41965062579479284
2025-03-29 10:48:35.474050,thyroid-ann,5NN,local_set_cardinality_sampling,0,3,99,0.41965062579479284
2025-03-29 10:48:40.865208,thyroid-ann,5NN,local_set_cardinality_sampling,0,3,100,0.41965062579479284
2025-03-29 10:48:40.869414,thyroid-ann,5NN,local_set_cardinality_sampling,0,4,0,0.0
2025-03-29 10:48:46.637558,thyroid-ann,5NN,local_set_cardinality_sampling,0,4,1,0.0
2025-03-29 10:48:53.562785,thyroid-ann,5NN,local_set_cardinality_sampling,0,4,2,0.0
2025-03-29 10:48:59.835873,thyroid-ann,5NN,local_set_cardinality_sampling,0,4,3,0.0
2025-03-29 10:49:06.201642,thyroid-ann,5NN,local_set_cardinality_sampling,0,4,4,0.0
2025-03-29 10:49:12.714682,thyroid-ann,5NN,local_set_cardinality_sampling,0,4,5,0.0
2025-03-29 10:49:19.358432,thyroid-ann,5NN,local_set_cardinality_sampling,0,4,6,0.0
2025-03-29 10:49:25.092742,thyroid-ann,5NN,local_set_cardinality_sampling,0,4,7,0.0
2025-03-29 10:49:30.752274,thyroid-ann,5NN,local_set_cardinality_sampling,0,4,8,0.0
2025-03-29 10:49:36.496146,thyroid-ann,5NN,local_set_cardinality_sampling,0,4,9,0.0
2025-03-29 10:49:42.845542,thyroid-ann,5NN,local_set_cardinality_sampling,0,4,10,0.0
2025-03-29 10:49:48.559512,thyroid-ann,5NN,local_set_cardinality_sampling,0,4,11,0.0
2025-03-29 10:49:54.209007,thyroid-ann,5NN,local_set_cardinality_sampling,0,4,12,0.0
2025-03-29 10:49:59.874391,thyroid-ann,5NN,local_set_cardinality_sampling,0,4,13,0.0
2025-03-29 10:50:05.580000,thyroid-ann,5NN,local_set_cardinality_sampling,0,4,14,0.0
2025-03-29 10:50:11.291090,thyroid-ann,5NN,local_set_cardinality_sampling,0,4,15,0.0
2025-03-29 10:50:16.918734,thyroid-ann,5NN,local_set_cardinality_sampling,0,4,16,0.0
2025-03-29 10:50:22.621557,thyroid-ann,5NN,local_set_cardinality_sampling,0,4,17,0.0
2025-03-29 10:50:28.245939,thyroid-ann,5NN,local_set_cardinality_sampling,0,4,18,0.0
2025-03-29 10:50:33.954227,thyroid-ann,5NN,local_set_cardinality_sampling,0,4,19,0.0
2025-03-29 10:50:39.607108,thyroid-ann,5NN,local_set_cardinality_sampling,0,4,20,0.1505760319687115
2025-03-29 10:50:45.298584,thyroid-ann,5NN,local_set_cardinality_sampling,0,4,21,0.1505760319687115
2025-03-29 10:50:50.970830,thyroid-ann,5NN,local_set_cardinality_sampling,0,4,22,0.17844271226217412
2025-03-29 10:50:56.714650,thyroid-ann,5NN,local_set_cardinality_sampling,0,4,23,0.2824173209612182
2025-03-29 10:51:02.376698,thyroid-ann,5NN,local_set_cardinality_sampling,0,4,24,0.29535398230088505
2025-03-29 10:51:08.014593,thyroid-ann,5NN,local_set_cardinality_sampling,0,4,25,0.3066870133427241
2025-03-29 10:51:13.586285,thyroid-ann,5NN,local_set_cardinality_sampling,0,4,26,0.3486739326214412
2025-03-29 10:51:19.245798,thyroid-ann,5NN,local_set_cardinality_sampling,0,4,27,0.38488277231936996
2025-03-29 10:51:24.858046,thyroid-ann,5NN,local_set_cardinality_sampling,0,4,28,0.38488277231936996
2025-03-29 10:51:30.960223,thyroid-ann,5NN,local_set_cardinality_sampling,0,4,29,0.37016052880075545
2025-03-29 10:51:37.177390,thyroid-ann,5NN,local_set_cardinality_sampling,0,4,30,0.33626760563380276
2025-03-29 10:51:43.507308,thyroid-ann,5NN,local_set_cardinality_sampling,0,4,31,0.2960974830792664
2025-03-29 10:51:49.786343,thyroid-ann,5NN,local_set_cardinality_sampling,0,4,32,0.2960974830792664
2025-03-29 10:51:55.602094,thyroid-ann,5NN,local_set_cardinality_sampling,0,4,33,0.2960974830792664
2025-03-29 10:52:01.183520,thyroid-ann,5NN,local_set_cardinality_sampling,0,4,34,0.2960974830792664
2025-03-29 10:52:07.822960,thyroid-ann,5NN,local_set_cardinality_sampling,0,4,35,0.3070550911471448
2025-03-29 10:52:14.431954,thyroid-ann,5NN,local_set_cardinality_sampling,0,4,36,0.3225428407729569
2025-03-29 10:52:20.940113,thyroid-ann,5NN,local_set_cardinality_sampling,0,4,37,0.3523682861615616
2025-03-29 10:52:27.130747,thyroid-ann,5NN,local_set_cardinality_sampling,0,4,38,0.3616030480491075
2025-03-29 10:52:33.379750,thyroid-ann,5NN,local_set_cardinality_sampling,0,4,39,0.38457510703175535
2025-03-29 10:52:39.234031,thyroid-ann,5NN,local_set_cardinality_sampling,0,4,40,0.3899961104628549
2025-03-29 10:52:44.858258,thyroid-ann,5NN,local_set_cardinality_sampling,0,4,41,0.39412922269596584
2025-03-29 10:52:50.363763,thyroid-ann,5NN,local_set_cardinality_sampling,0,4,42,0.39412922269596584
2025-03-29 10:52:55.968133,thyroid-ann,5NN,local_set_cardinality_sampling,0,4,43,0.3750103612340644
2025-03-29 10:53:02.693509,thyroid-ann,5NN,local_set_cardinality_sampling,0,4,44,0.3750103612340644
2025-03-29 10:53:08.429717,thyroid-ann,5NN,local_set_cardinality_sampling,0,4,45,0.38467543065978327
2025-03-29 10:53:14.032988,thyroid-ann,5NN,local_set_cardinality_sampling,0,4,46,0.3773964242119624
2025-03-29 10:53:19.658353,thyroid-ann,5NN,local_set_cardinality_sampling,0,4,47,0.3773964242119624
2025-03-29 10:53:25.213883,thyroid-ann,5NN,local_set_cardinality_sampling,0,4,48,0.3329401356531996
2025-03-29 10:53:31.607935,thyroid-ann,5NN,local_set_cardinality_sampling,0,4,49,0.3560239869162275
2025-03-29 10:53:37.868716,thyroid-ann,5NN,local_set_cardinality_sampling,0,4,50,0.3116592763721727
2025-03-29 10:53:43.993238,thyroid-ann,5NN,local_set_cardinality_sampling,0,4,51,0.3116592763721727
2025-03-29 10:53:49.914436,thyroid-ann,5NN,local_set_cardinality_sampling,0,4,52,0.3632100052110474
2025-03-29 10:53:56.028710,thyroid-ann,5NN,local_set_cardinality_sampling,0,4,53,0.3632100052110474
2025-03-29 10:54:02.254591,thyroid-ann,5NN,local_set_cardinality_sampling,0,4,54,0.3571364465850958
2025-03-29 10:54:08.475939,thyroid-ann,5NN,local_set_cardinality_sampling,0,4,55,0.36212704887076064
2025-03-29 10:54:14.238515,thyroid-ann,5NN,local_set_cardinality_sampling,0,4,56,0.3755642882660517
2025-03-29 10:54:19.837012,thyroid-ann,5NN,local_set_cardinality_sampling,0,4,57,0.392802617230098
2025-03-29 10:54:26.224150,thyroid-ann,5NN,local_set_cardinality_sampling,0,4,58,0.34966128191766543
2025-03-29 10:54:32.628779,thyroid-ann,5NN,local_set_cardinality_sampling,0,4,59,0.3771840040223383
2025-03-29 10:54:38.755397,thyroid-ann,5NN,local_set_cardinality_sampling,0,4,60,0.38981573705179284
2025-03-29 10:54:44.534768,thyroid-ann,5NN,local_set_cardinality_sampling,0,4,61,0.41867751513262585
2025-03-29 10:54:50.791007,thyroid-ann,5NN,local_set_cardinality_sampling,0,4,62,0.42482836390169476
2025-03-29 10:54:56.659717,thyroid-ann,5NN,local_set_cardinality_sampling,0,4,63,0.4247592567475925
2025-03-29 10:55:03.201460,thyroid-ann,5NN,local_set_cardinality_sampling,0,4,64,0.4011959263757826
2025-03-29 10:55:09.447353,thyroid-ann,5NN,local_set_cardinality_sampling,0,4,65,0.4138062547673531
2025-03-29 10:55:15.802859,thyroid-ann,5NN,local_set_cardinality_sampling,0,4,66,0.3831243411633285
2025-03-29 10:55:23.316870,thyroid-ann,5NN,local_set_cardinality_sampling,0,4,67,0.39428993750100416
2025-03-29 10:55:29.610891,thyroid-ann,5NN,local_set_cardinality_sampling,0,4,68,0.399442453205894
2025-03-29 10:55:35.931058,thyroid-ann,5NN,local_set_cardinality_sampling,0,4,69,0.399442453205894
2025-03-29 10:55:42.017680,thyroid-ann,5NN,local_set_cardinality_sampling,0,4,70,0.3988056865605809
2025-03-29 10:55:47.919571,thyroid-ann,5NN,local_set_cardinality_sampling,0,4,71,0.3988056865605809
2025-03-29 10:55:54.328098,thyroid-ann,5NN,local_set_cardinality_sampling,0,4,72,0.4049444987733114
2025-03-29 10:56:01.302623,thyroid-ann,5NN,local_set_cardinality_sampling,0,4,73,0.4049444987733114
2025-03-29 10:56:07.949543,thyroid-ann,5NN,local_set_cardinality_sampling,0,4,74,0.3988056865605809
2025-03-29 10:56:13.522143,thyroid-ann,5NN,local_set_cardinality_sampling,0,4,75,0.3445543307086615
2025-03-29 10:56:19.011666,thyroid-ann,5NN,local_set_cardinality_sampling,0,4,76,0.36583557855422033
2025-03-29 10:56:24.534593,thyroid-ann,5NN,local_set_cardinality_sampling,0,4,77,0.38490822569680483
2025-03-29 10:56:30.025407,thyroid-ann,5NN,local_set_cardinality_sampling,0,4,78,0.4243884233026838
2025-03-29 10:56:35.548639,thyroid-ann,5NN,local_set_cardinality_sampling,0,4,79,0.4049444987733114
2025-03-29 10:56:41.015909,thyroid-ann,5NN,local_set_cardinality_sampling,0,4,80,0.39117765802453963
2025-03-29 10:56:46.535871,thyroid-ann,5NN,local_set_cardinality_sampling,0,4,81,0.39117765802453963
2025-03-29 10:56:51.934446,thyroid-ann,5NN,local_set_cardinality_sampling,0,4,82,0.39723934554369267
2025-03-29 10:56:57.470547,thyroid-ann,5NN,local_set_cardinality_sampling,0,4,83,0.39723934554369267
2025-03-29 10:57:02.922347,thyroid-ann,5NN,local_set_cardinality_sampling,0,4,84,0.369072089935059
2025-03-29 10:57:08.369265,thyroid-ann,5NN,local_set_cardinality_sampling,0,4,85,0.369072089935059
2025-03-29 10:57:13.838212,thyroid-ann,5NN,local_set_cardinality_sampling,0,4,86,0.3765458728789187
2025-03-29 10:57:19.303611,thyroid-ann,5NN,local_set_cardinality_sampling,0,4,87,0.3765458728789187
2025-03-29 10:57:24.682250,thyroid-ann,5NN,local_set_cardinality_sampling,0,4,88,0.3827879140669055
2025-03-29 10:57:30.204279,thyroid-ann,5NN,local_set_cardinality_sampling,0,4,89,0.3827879140669055
2025-03-29 10:57:35.546437,thyroid-ann,5NN,local_set_cardinality_sampling,0,4,90,0.3827879140669055
2025-03-29 10:57:41.004233,thyroid-ann,5NN,local_set_cardinality_sampling,0,4,91,0.3752991862134992
2025-03-29 10:57:46.378461,thyroid-ann,5NN,local_set_cardinality_sampling,0,4,92,0.3752991862134992
2025-03-29 10:57:53.508374,thyroid-ann,5NN,local_set_cardinality_sampling,0,4,93,0.35357375827043136
2025-03-29 10:58:00.157713,thyroid-ann,5NN,local_set_cardinality_sampling,0,4,94,0.34164044167136587
2025-03-29 10:58:05.640777,thyroid-ann,5NN,local_set_cardinality_sampling,0,4,95,0.34966128191766543
2025-03-29 10:58:10.982383,thyroid-ann,5NN,local_set_cardinality_sampling,0,4,96,0.34966128191766543
2025-03-29 10:58:16.382900,thyroid-ann,5NN,local_set_cardinality_sampling,0,4,97,0.34966128191766543
2025-03-29 10:58:21.622236,thyroid-ann,5NN,local_set_cardinality_sampling,0,4,98,0.34966128191766543
2025-03-29 10:58:27.005586,thyroid-ann,5NN,local_set_cardinality_sampling,0,4,99,0.34966128191766543
2025-03-29 10:58:32.320895,thyroid-ann,5NN,local_set_cardinality_sampling,0,4,100,0.33388548396002427
